8 7 7 8 8 8 8 8 8 8 11 13 12 12 10 7 8 8 4 1 0 0 10 15 20 20 9 8 16 16 16 16 16 16 17 17 16 16 21 25 25 25 25 23 20 20 27 36 39 37 28 12 1 0 4 7 12 14 12 12 12 14 13 9 8 8 8 8 8 8 5 1 8 9 9 11 12 12 12 10 8 8 5 5 8 8 8 8 8 8 9 13 14 12 13 11 7 8 5 4 0 0 0 0 0 0 4 4 0 0 2 6 8 8 9 8 4 4 4 5 8 9 5 7 0 0 4 4 0 0 0 0 0 0 4 8 8 4 4 4 4 8 4 0 4 8 4 4
9 8 5 4 4 4 4 4 4 4 7 10 12 12 11 8 7 7 4 1 0 0 12 13 11 11 15 19 20 20 20 20 20 20 19 17 16 16 19 26 31 31 29 27 24 24 26 20 14 12 11 7 0 0 2 7 13 13 10 11 12 14 10 6 4 4 5 5 4 4 6 7 10 10 9 14 16 16 15 11 4 4 2 2 4 4 4 4 4 4 6 10 14 12 10 7 7 10 5 7 0 0 0 0 0 0 4 4 0 0 3 4 4 4 8 9 8 8 8 7 7 8 5 4 0 0 4 4 0 0 0 0 0 0 4 8 8 4 4 4 4 8 4 0 4 8 4 4
7 7 4 4 4 4 4 4 4 4 5 7 8 8 8 8 7 8 8 5 4 4 11 25 32 31 26 17 12 12 12 12 12 12 12 12 12 12 14 19 22 20 20 21 17 16 10 5 14 13 14 9 4 4 5 9 11 8 7 7 8 11 6 4 0 0 5 5 4 4 10 12 7 7 5 4 4 4 12 12 4 4 6 6 4 4 4 4 4 4 5 7 11 10 8 6 8 7 6 7 3 1 0 0 0 0 3 4 4 4 4 3 0 0 5 5 4 4 4 4 7 7 3 1 0 0 4 4 0 0 0 0 0 0 5 8 7 5 4 3 4 8 4 0 4 8 4 4
5 5 8 11 12 12 11 9 8 8 7 5 4 4 7 8 9 14 17 19 20 20 22 25 24 21 14 2 4 4 4 4 4 4 7 8 8 8 11 14 8 2 10 13 4 5 8 14 17 18 18 17 16 16 14 11 11 8 7 5 5 7 3 6 0 0 8 8 4 1 12 13 5 8 12 12 12 12 9 7 8 8 12 12 8 8 7 5 4 4 4 2 5 11 14 13 10 6 7 12 13 11 7 2 0 0 3 9 12 12 9 3 0 0 4 4 0 0 1 2 4 5 4 1 0 0 2 6 8 8 6 3 4 7 8 8 7 7 7 7 7 7 3 0 3 7 7 7
2 3 5 7 8 8 7 5 4 4 4 3 0 0 5 5 7 11 15 16 16 16 15 11 7 5 9 9 0 0 0 0 0 0 10 10 0 0 9 8 5 7 14 18 13 15 15 15 15 14 14 15 16 16 13 7 8 5 3 1 4 5 4 5 0 0 11 8 6 4 9 10 9 11 12 12 12 12 9 3 0 0 17 17 4 4 4 3 0 0 1 2 3 8 10 8 5 4 6 10 12 10 9 7 4 4 7 8 8 8 8 6 0 0 4 4 0 0 2 2 1 4 7 4 0 0 2 6 8 8 8 9 5 5 5 4 7 6 6 5 3 2 3 4 5 8 10 8
4 4 4 3 0 0 3 4 4 4 5 5 4 4 5 5 7 8 6 5 4 4 4 3 0 0 8 10 8 8 8 8 8 8 10 8 0 0 7 10 11 11 18 22 17 16 16 16 17 17 15 10 8 8 10 4 8 4 0 0 4 5 4 7 8 8 11 6 8 4 4 7 8 8 9 11 12 12 12 12 12 12 17 15 0 0 4 4 0 0 1 3 8 10 5 5 4 4 5 5 8 7 7 8 8 8 7 4 0 0 8 8 0 0 4 4 0 0 2 6 8 8 9 8 4 4 4 3 0 0 7 10 8 8 5 4 8 8 8 8 8 8 8 8 8 8 9 8
8 8 6 2 0 0 2 6 8 8 8 8 8 8 8 8 8 10 7 8 8 8 6 2 0 0 4 7 8 8 8 8 8 8 7 4 0 0 3 10 15 14 22 26 20 20 19 18 21 22 17 10 6 7 13 8 8 4 0 0 4 7 7 13 16 16 12 4 8 4 2 6 8 8 10 14 16 16 15 13 12 12 12 9 0 0 4 4 0 0 4 8 11 9 7 8 8 8 8 7 9 11 10 8 8 8 6 2 0 0 8 8 0 0 4 4 0 0 3 4 4 4 8 9 8 8 6 2 0 0 4 8 8 8 7 7 8 8 9 7 4 4 4 4 4 4 8 9
7 5 4 3 0 0 4 7 7 5 5 5 5 7 8 8 7 11 7 7 4 4 5 6 5 3 2 3 5 7 8 8 7 5 3 1 0 1 7 13 15 13 23 23 11 10 11 17 17 5 7 4 3 3 14 12 13 13 12 8 5 8 10 8 8 8 6 5 7 5 4 4 4 4 5 7 8 8 10 10 8 8 7 4 0 0 4 4 0 0 7 10 8 7 5 7 7 5 5 4 7 8 9 7 4 4 4 3 0 0 8 8 0 0 4 4 0 0 4 4 0 0 5 5 4 4 4 3 0 0 1 4 7 7 4 5 7 5 9 10 8 8 7 5 4 3 6 5
4 4 4 3 0 0 6 6 3 4 5 5 4 3 3 5 5 10 4 7 0 0 4 8 8 5 3 0 3 5 8 9 7 4 3 5 7 9 15 18 15 14 21 17 4 4 7 15 1 18 18 12 5 4 11 19 16 16 14 15 13 14 11 4 0 0 3 5 8 11 10 6 4 4 4 3 0 0 4 7 8 8 7 5 4 4 5 5 4 4 7 11 6 4 2 6 7 4 3 2 3 3 8 7 0 0 3 4 4 4 8 9 8 8 8 7 4 4 4 3 0 0 3 4 4 4 5 5 4 4 2 3 4 5 4 4 5 7 10 12 12 12 11 8 4 3 6 4
8 8 7 5 4 4 7 10 12 13 14 13 12 10 7 4 5 9 4 7 0 0 5 3 10 12 11 9 8 8 5 2 10 11 12 15 17 19 21 20 16 16 18 11 3 0 8 20 17 15 5 8 24 48 50 20 10 15 2 4 9 11 6 2 0 0 2 6 9 11 12 12 12 12 10 6 4 4 5 7 8 8 8 8 8 8 8 8 8 8 7 7 5 5 6 4 7 7 1 3 3 1 7 7 4 4 4 4 4 4 7 8 8 8 10 10 8 8 7 5 4 4 4 4 4 4 5 5 4 4 5 5 1 4 7 7 7 8 8 8 8 8 8 8 5 5 6 4
10 9 8 8 8 8 10 14 16 18 18 16 14 13 11 8 8 8 5 4 0 0 4 12 20 21 19 16 14 14 15 15 17 17 19 21 23 25 22 16 13 14 14 10 8 7 4 15 8 7 22 31 132 232 276 275 217 125 34 5 2 5 0 4 0 0 4 7 8 8 9 11 12 12 11 9 8 8 8 8 8 8 8 8 8 8 8 7 4 4 3 2 4 7 8 4 8 8 0 0 0 0 5 5 4 4 4 3 0 0 3 4 4 4 7 8 8 8 8 8 8 8 7 4 0 0 4 4 0 0 4 7 8 8 8 8 8 8 8 8 8 8 9 10 8 9 8 5
10 8 4 4 4 4 8 13 16 16 13 11 12 12 10 8 7 7 4 1 0 0 8 16 18 17 12 13 12 12 12 12 14 15 19 21 24 24 18 11 11 10 10 8 8 9 14 8 24 17 29 111 250 257 248 286 311 274 113 10 1 5 0 4 0 0 7 7 4 4 5 7 8 8 8 7 4 4 4 4 4 4 4 4 4 4 7 7 4 4 3 1 4 8 8 4 8 8 0 0 0 0 3 4 4 4 5 5 0 0 2 6 8 8 8 8 8 8 8 8 8 8 10 8 0 0 4 4 0 0 1 3 4 4 5 5 4 4 5 5 4 4 8 10 7 8 12 8
9 8 9 14 16 16 17 19 18 16 12 11 15 16 16 17 13 12 12 12 13 15 22 22 21 33 31 24 19 23 23 21 20 18 24 22 18 14 13 11 11 8 7 5 4 5 12 14 38 52 179 285 288 162 58 59 169 348 310 146 34 3 2 5 3 2 8 7 0 0 2 2 0 0 5 5 4 4 4 4 4 4 2 2 4 4 5 5 0 0 1 3 5 7 7 4 7 7 4 4 4 4 4 4 1 0 5 5 4 4 4 4 4 4 5 5 4 4 4 4 4 4 11 11 0 0 3 4 4 4 3 1 0 0 3 4 4 4 5 5 4 4 7 10 8 7 13 12
13 14 17 19 20 20 18 16 11 9 8 9 12 15 17 20 16 14 15 17 20 23 24 10 17 41 29 28 9 14 18 21 21 20 24 18 8 5 7 9 8 5 3 1 0 0 6 11 29 96 292 264 167 88 38 57 108 274 384 312 92 5 3 7 4 6 8 5 0 0 1 3 4 4 2 2 4 4 4 4 4 4 6 6 4 4 5 5 4 4 3 5 7 5 5 4 4 7 7 5 4 4 4 6 5 7 4 4 8 8 6 2 0 0 4 4 0 0 0 0 0 0 12 12 0 0 1 3 4 4 4 3 0 0 1 3 4 4 5 5 4 4 5 8 10 7 9 14
12 13 11 7 4 4 5 5 1 0 1 2 2 3 8 12 8 5 5 7 10 10 7 13 24 51 23 38 18 16 8 5 8 10 15 10 0 0 1 3 3 1 0 0 0 0 10 3 15 109 332 224 22 22 18 61 76 64 264 395 133 11 3 8 4 8 7 4 4 4 4 4 4 4 4 4 4 4 4 4 4 4 7 7 0 0 3 4 4 4 7 7 3 1 4 4 1 3 4 3 0 0 3 7 7 3 5 5 4 4 4 3 0 0 4 4 0 0 0 0 0 0 11 11 4 4 3 1 0 0 4 4 0 0 0 0 0 0 4 4 0 0 3 5 8 7 5 7
12 12 7 2 0 0 4 4 0 0 0 0 0 0 8 12 8 4 4 7 7 7 5 18 21 52 24 40 4 6 11 11 7 8 10 7 0 0 0 0 0 0 0 0 0 0 11 3 10 111 329 224 24 22 11 49 75 44 247 412 140 12 4 8 4 8 4 6 8 8 8 8 8 8 8 8 8 8 8 8 8 8 7 4 0 0 2 6 8 8 7 4 0 0 4 4 0 0 4 4 0 0 1 5 9 8 7 4 0 0 4 4 0 0 4 4 0 0 0 0 0 0 8 10 8 8 7 4 0 0 4 4 0 0 0 0 0 0 4 4 0 0 2 5 10 8 7 5
11 12 9 4 0 0 4 5 2 1 0 0 0 1 8 13 8 4 7 8 7 7 14 26 39 63 44 53 28 27 22 13 8 9 8 4 0 0 0 0 0 0 0 0 0 0 8 7 11 111 329 224 23 21 16 28 50 12 231 408 138 12 4 8 4 8 1 4 4 4 4 4 4 4 4 4 4 4 4 4 4 4 3 1 0 0 3 4 4 4 3 1 0 0 4 4 0 0 4 5 3 3 2 4 8 6 2 2 0 0 4 4 0 0 4 4 0 0 0 0 0 0 4 7 8 8 10 8 0 0 4 4 0 0 0 0 0 0 4 4 0 0 3 4 9 8 7 7
8 5 5 8 4 5 7 12 10 7 2 1 5 6 15 18 11 7 12 15 10 10 20 11 25 51 33 38 20 21 19 15 10 8 4 1 0 0 0 0 0 0 0 0 0 1 6 7 11 116 336 216 17 20 10 28 40 18 228 418 140 14 7 3 4 6 3 8 11 16 14 7 0 0 0 0 0 0 0 0 0 0 1 3 4 4 2 2 4 4 4 4 4 4 5 7 4 2 10 32 33 19 26 14 9 17 7 7 8 3 2 5 0 0 4 4 0 0 0 0 0 0 1 3 4 4 10 11 8 8 8 7 4 4 3 1 0 0 4 4 0 0 4 3 5 7 5 2
20 21 14 5 2 5 3 8 7 5 5 9 13 24 35 20 6 0 19 21 10 12 17 8 26 28 56 26 15 4 4 7 7 4 1 0 0 0 0 0 0 0 0 0 0 3 6 9 12 129 348 199 8 12 12 43 37 25 230 429 143 18 7 7 1 4 8 8 14 21 22 14 0 0 0 0 0 0 0 0 0 0 3 4 4 4 3 5 8 8 8 8 8 8 8 8 8 4 38 84 106 90 43 40 52 55 46 29 25 5 2 6 0 0 4 4 0 0 0 0 0 0 1 3 4 4 5 7 8 8 9 8 4 4 4 3 0 0 4 4 0 0 4 4 4 8 7 4
61 54 47 17 5 7 5 9 7 10 15 26 14 6 18 13 17 20 25 18 7 8 12 18 35 31 69 43 23 5 7 2 0 0 0 0 0 0 0 0 0 0 0 0 0 4 4 14 15 137 356 188 12 12 11 61 49 31 239 434 144 20 1 9 4 5 9 6 20 18 31 16 1 0 0 0 0 0 0 0 0 0 3 4 4 4 7 7 4 4 4 4 4 4 4 5 8 7 44 135 172 135 98 117 158 174 143 73 46 5 5 4 0 0 4 4 0 0 0 0 0 0 4 7 8 8 6 2 0 0 8 8 0 0 4 4 0 0 4 4 0 0 4 4 4 8 8 4
84 48 40 31 8 7 1 6 31 86 98 32 29 38 33 28 27 26 21 11 7 8 7 23 23 78 63 66 27 8 8 3 0 0 0 0 0 0 0 0 0 0 0 0 0 3 5 17 15 139 360 185 14 13 15 78 62 33 256 439 144 20 1 7 4 4 6 14 24 21 37 14 2 0 0 0 0 0 0 0 0 0 2 6 8 8 8 7 4 4 4 4 3 1 1 3 7 7 51 111 144 121 83 93 113 115 89 99 73 5 2 2 0 0 3 4 1 0 0 0 0 0 7 7 4 4 4 3 0 0 8 8 0 0 4 4 0 0 4 4 0 0 4 4 4 8 8 4
94 114 107 75 11 5 8 13 106 154 159 130 39 20 11 16 20 18 15 8 7 7 1 18 28 80 58 70 30 6 9 5 1 0 1 1 1 2 2 1 0 0 0 0 0 1 7 17 13 138 362 183 3 3 12 93 66 17 272 440 144 19 3 5 9 5 2 7 20 16 29 16 3 1 1 2 3 4 6 6 5 2 3 5 7 7 4 4 2 3 2 5 11 19 26 27 25 21 46 161 177 119 81 84 116 148 97 77 98 4 7 8 6 3 9 13 8 2 2 1 0 0 9 9 4 4 5 5 4 4 7 7 0 0 4 4 0 0 4 4 0 0 4 4 4 8 8 4
49 124 166 137 19 14 13 55 133 52 93 106 87 19 2 5 5 7 2 5 4 4 6 10 28 64 70 64 42 5 4 10 4 10 16 14 7 8 6 5 7 8 8 8 8 8 5 17 12 132 359 180 29 39 31 101 67 43 278 424 137 17 2 4 5 16 17 36 28 2 13 17 15 9 7 5 5 10 31 49 46 32 17 7 11 16 17 8 30 62 81 68 84 132 133 124 145 157 145 22 122 47 66 75 75 28 107 34 107 8 10 14 20 22 65 105 121 129 130 87 26 12 7 12 4 4 6 10 12 12 10 7 4 4 4 3 0 0 5 5 4 4 5 7 7 7 8 7
53 47 151 159 41 36 34 89 94 60 34 31 104 35 17 19 20 21 19 17 17 20 23 24 44 56 91 65 60 0 4 34 47 64 74 66 35 15 7 5 8 8 8 8 8 8 5 13 12 131 359 177 17 10 15 93 48 28 278 408 122 20 3 5 7 20 36 39 45 68 67 25 12 7 12 7 23 73 166 230 268 278 253 160 38 9 8 33 39 14 49 99 157 73 55 47 127 169 284 80 200 110 102 89 110 92 87 10 96 31 31 65 74 50 96 117 146 173 155 156 55 13 11 12 1 0 2 6 8 8 7 5 4 4 3 1 0 0 7 7 4 4 5 7 7 4 8 10
55 48 135 141 41 40 44 69 50 44 89 79 114 46 45 37 30 29 37 50 56 55 52 45 64 52 96 64 68 10 10 47 22 9 7 17 48 32 4 7 4 4 4 4 4 4 8 7 10 147 374 185 52 51 43 93 62 55 297 420 118 23 11 7 2 18 31 70 71 116 87 51 37 52 60 73 123 163 185 173 181 220 249 274 117 19 13 38 44 135 186 184 92 37 45 49 150 63 318 62 197 26 13 14 104 84 97 61 107 82 91 67 65 77 137 165 104 98 100 181 100 11 9 10 5 4 4 3 0 0 1 3 4 4 4 4 4 4 7 7 0 0 1 3 4 4 7 11
55 49 124 127 14 10 12 32 29 60 90 56 68 88 60 32 36 37 39 39 36 35 30 26 71 36 100 55 68 13 22 53 12 36 41 34 33 45 15 13 8 8 8 8 8 8 11 1 10 174 390 175 26 22 17 89 68 43 312 445 124 38 58 77 89 76 14 154 151 221 201 161 141 109 95 143 166 127 69 79 100 117 76 265 170 7 7 35 101 83 64 44 43 5 18 99 200 88 349 87 180 38 44 30 100 69 131 81 112 168 240 296 331 308 242 200 128 73 101 199 217 83 7 6 7 8 6 2 0 0 4 7 8 8 8 8 8 8 7 4 0 0 4 7 8 8 7 8
59 50 128 127 13 14 18 31 27 38 66 73 73 98 101 15 16 16 6 14 24 24 22 28 85 35 117 35 69 8 23 56 11 26 33 28 45 66 27 12 5 7 7 4 1 2 10 13 15 195 393 157 22 13 6 98 84 43 327 465 102 87 125 130 129 151 56 194 151 125 151 267 300 199 25 94 49 41 46 85 116 122 50 228 192 80 99 117 65 32 93 72 50 13 21 118 226 63 391 89 203 93 93 128 180 208 190 146 135 178 268 359 375 335 250 161 138 107 119 151 261 176 21 4 7 6 6 10 12 9 9 9 4 2 3 2 2 6 7 3 1 3 4 7 3 3 4 8
36 57 137 117 20 7 8 22 20 44 38 64 162 79 151 16 5 5 12 21 25 21 8 24 91 24 131 29 80 11 14 54 31 24 28 17 74 53 19 16 10 3 2 7 8 4 4 12 26 202 396 147 26 22 6 96 94 175 406 401 38 120 84 44 32 136 81 142 190 114 88 155 133 273 75 120 64 54 61 73 65 134 145 207 195 164 190 139 97 74 82 71 14 17 15 133 251 41 412 48 253 105 102 185 228 300 280 209 166 143 146 103 72 89 101 129 136 144 164 136 244 318 298 277 251 200 131 82 72 88 74 28 12 9 2 4 5 9 8 7 8 10 16 50 56 39 13 24
61 122 111 45 50 82 114 82 27 28 37 61 175 55 181 26 9 10 14 34 28 47 75 81 124 34 128 19 82 21 14 49 22 6 24 4 72 40 13 42 47 33 23 31 36 27 9 12 27 204 396 156 41 138 330 487 562 553 474 219 72 96 30 11 15 101 92 60 117 178 217 214 260 277 39 102 33 40 53 28 21 145 196 145 127 133 110 115 183 69 81 77 28 31 25 128 255 52 411 22 233 95 79 209 111 113 139 132 123 125 112 57 48 85 119 116 55 130 103 135 198 308 371 404 415 411 383 355 334 290 215 119 10 22 24 21 28 31 23 12 13 12 79 185 197 170 114 140
32 65 146 205 191 102 63 93 24 27 42 44 175 59 187 25 11 12 20 55 31 103 110 73 145 13 117 18 82 78 67 72 36 5 23 4 68 41 35 59 77 94 94 80 73 76 73 66 71 212 371 150 19 316 482 457 465 315 133 41 125 60 22 24 16 98 72 56 60 32 187 68 139 156 40 83 38 66 51 19 5 130 204 102 84 73 8 96 188 61 73 85 17 17 4 131 256 53 421 72 194 73 77 267 112 55 60 37 36 36 41 36 35 26 40 37 35 158 26 40 19 46 79 110 139 191 232 266 268 205 216 196 197 148 53 6 22 53 37 10 12 13 190 289 222 199 122 191
135 98 101 93 136 72 12 60 127 127 87 45 179 68 182 50 56 58 59 81 16 129 123 55 136 44 100 51 61 69 71 90 48 16 26 8 69 43 54 63 38 49 46 26 18 14 65 86 75 186 322 124 68 358 495 153 138 211 122 80 92 65 52 29 20 112 50 63 87 9 187 42 119 146 49 68 39 24 14 28 4 131 190 150 211 225 179 69 195 77 95 108 23 34 5 147 256 52 435 97 189 38 69 258 83 58 82 98 99 100 104 106 105 90 92 66 42 158 43 32 24 4 27 38 42 66 67 35 65 170 191 217 272 264 142 15 89 97 90 57 5 15 274 267 162 197 81 151
236 80 135 136 62 56 72 23 102 104 115 50 178 55 175 94 77 66 84 98 38 111 115 31 100 59 71 68 8 20 55 90 61 36 35 34 73 49 65 102 99 89 80 107 98 92 51 22 46 149 248 188 373 390 382 127 163 186 101 146 79 31 91 114 90 97 35 64 75 17 173 48 110 163 41 69 40 25 23 25 1 131 160 204 229 131 192 52 162 104 117 114 36 59 22 149 252 47 433 103 189 21 68 253 65 53 18 24 35 34 25 22 47 8 68 30 13 136 10 17 31 12 7 23 28 44 65 72 40 160 141 54 37 267 181 90 149 197 205 147 81 52 291 216 214 165 136 115
180 151 127 146 44 60 131 67 134 87 87 97 145 57 172 203 164 136 147 123 36 81 101 13 79 48 53 61 10 11 56 90 59 36 23 12 54 50 141 260 275 274 262 196 227 275 236 172 130 142 105 287 384 267 159 97 97 150 159 8 100 62 52 50 84 98 33 66 76 17 165 49 105 143 33 55 49 43 49 36 16 146 149 212 229 86 193 111 162 215 180 69 17 60 75 140 230 57 426 97 173 8 82 268 63 67 28 21 35 35 30 17 44 25 74 41 29 127 24 12 17 13 8 16 36 46 89 96 49 175 157 65 40 229 132 136 201 198 121 59 76 110 243 115 236 45 167 11
162 144 243 215 92 125 155 34 93 12 96 161 118 84 57 100 70 51 146 145 24 73 105 15 86 49 52 53 4 23 44 103 63 40 58 75 92 110 275 217 16 69 169 165 162 160 112 113 24 70 53 218 256 229 212 239 228 191 209 135 177 151 41 12 57 35 52 70 87 27 175 30 99 115 13 48 83 65 85 71 53 149 137 177 196 75 137 77 87 64 58 20 58 90 105 109 194 76 427 80 196 65 84 256 58 55 27 30 39 30 24 28 46 24 68 30 16 124 15 8 15 12 15 26 21 98 156 164 117 209 165 62 31 206 96 133 44 96 154 107 89 120 157 21 198 78 178 105
92 109 332 229 72 189 209 152 193 219 275 195 95 46 15 79 80 82 141 157 24 93 120 16 96 63 68 142 161 148 93 91 60 37 89 62 108 198 310 76 138 140 102 94 130 182 215 307 265 239 209 23 197 210 157 165 179 183 245 208 231 245 101 142 117 92 28 64 65 41 183 45 118 125 27 60 78 147 175 171 176 60 126 132 158 71 53 141 224 219 56 56 111 103 84 37 169 73 411 80 213 46 56 229 56 38 41 45 50 42 42 63 86 57 60 30 17 125 13 11 16 12 20 17 9 132 190 137 205 142 194 60 54 220 96 180 37 154 123 139 187 84 91 64 179 143 292 357
267 259 313 198 84 220 231 107 300 417 135 179 157 125 77 55 75 68 122 182 48 101 120 27 97 60 115 147 131 70 60 44 65 53 112 42 127 232 291 102 159 98 38 120 68 95 137 203 134 129 169 232 49 99 21 10 18 50 165 63 107 283 288 144 165 204 154 104 25 31 170 50 139 165 89 44 51 140 305 265 241 238 196 91 125 88 55 167 102 208 155 68 75 140 143 94 146 57 369 94 172 48 64 239 61 39 62 75 70 67 66 69 86 64 39 33 11 124 12 9 15 10 18 7 25 141 216 69 224 115 187 46 79 223 120 411 390 439 461 450 352 235 199 190 260 251 461 376
364 331 248 121 64 205 308 284 261 376 323 374 230 190 157 79 18 89 147 236 201 134 75 9 77 133 236 249 207 116 33 22 44 81 133 38 140 221 278 227 134 136 94 150 31 64 87 247 108 29 91 255 12 89 21 14 29 63 101 116 70 226 392 146 26 98 144 102 35 50 146 32 188 216 88 59 51 54 178 284 316 240 224 53 103 101 89 127 82 168 111 21 273 420 408 378 173 89 338 104 126 21 81 273 44 16 41 33 24 35 42 33 46 49 58 113 155 156 98 102 101 100 104 79 125 182 162 74 145 143 111 50 100 210 86 502 372 485 524 512 464 455 439 420 500 511 463 184
179 179 127 36 19 76 219 230 80 158 290 225 92 107 162 125 50 31 62 88 97 113 72 53 130 226 276 239 60 75 80 32 66 135 187 29 165 216 329 347 225 182 125 199 61 80 106 201 180 20 59 240 135 155 140 138 111 124 213 295 307 345 363 80 211 297 177 99 40 62 116 41 222 194 27 13 16 43 64 59 70 106 217 89 60 99 89 118 82 117 98 198 475 407 325 407 213 126 270 91 128 56 70 279 53 30 34 4 5 15 42 27 34 49 157 209 222 183 153 166 167 166 167 167 281 170 58 93 37 37 30 78 40 247 197 603 463 77 148 157 182 223 240 258 334 334 202 39
71 76 77 101 76 132 230 292 149 97 206 134 91 91 167 231 242 274 277 249 224 193 153 133 182 184 158 308 197 82 60 68 96 139 198 62 201 214 392 416 275 233 138 238 94 87 100 148 210 55 104 282 389 341 270 251 232 230 271 266 281 268 220 69 411 376 375 260 130 63 155 76 193 145 38 36 37 36 30 24 59 91 79 121 59 127 108 148 99 74 22 289 506 306 205 476 496 298 70 267 403 368 337 333 185 160 152 149 145 128 112 93 111 169 221 147 73 70 64 60 57 57 55 83 301 333 140 60 35 37 48 38 186 230 122 402 695 435 69 22 24 18 19 21 15 16 17 11
105 91 113 178 190 89 247 323 259 264 113 163 200 188 69 195 246 234 177 117 107 115 116 119 235 311 40 394 218 40 28 81 111 113 212 245 336 271 379 421 296 294 165 226 109 92 111 108 218 90 210 174 192 153 109 116 105 58 100 8 68 97 120 129 463 179 119 255 342 146 192 132 184 133 42 10 26 25 15 47 60 39 32 180 143 88 56 111 161 125 78 173 384 398 275 454 347 84 174 340 357 388 367 295 200 174 163 160 173 194 187 176 179 177 122 34 7 9 4 8 9 9 15 16 105 314 307 98 19 41 12 161 168 153 77 157 479 669 297 7 5 0 3 4 8 7 6 10
192 213 160 207 310 342 447 473 165 118 456 688 687 664 578 235 35 64 121 87 47 30 72 74 125 287 264 373 163 40 33 79 136 53 92 93 245 106 312 415 321 391 199 142 115 86 124 77 257 135 195 123 65 101 45 37 109 50 99 106 112 128 147 167 335 168 229 90 395 200 117 32 113 86 94 109 125 125 118 162 142 82 158 240 113 7 34 18 74 95 70 50 158 306 265 239 228 238 44 413 401 34 33 11 11 23 28 23 30 56 73 91 95 55 10 11 6 8 3 2 0 2 3 4 4 154 363 278 52 55 107 198 58 97 210 171 108 577 612 192 4 3 8 15 21 21 18 13
266 152 41 89 152 130 326 641 664 430 718 603 507 519 665 393 172 187 201 148 149 89 105 31 54 197 220 189 67 185 159 76 115 134 224 235 316 267 409 442 292 464 202 38 107 85 90 71 215 171 212 196 177 125 75 120 216 242 292 280 286 359 419 295 169 120 266 237 183 231 231 173 201 269 282 259 232 229 234 214 200 231 258 165 56 45 15 66 59 52 16 17 17 147 236 129 14 201 210 258 513 290 36 12 17 4 7 0 17 29 26 21 13 12 12 17 25 18 10 8 8 6 7 14 15 41 232 396 234 59 182 146 87 333 497 450 225 253 636 515 144 4 1 5 14 4 19 60
83 47 30 55 109 47 101 211 484 424 447 422 126 316 664 313 25 33 92 135 230 77 169 37 82 75 50 92 387 457 453 233 70 201 162 134 161 186 467 384 184 422 239 131 169 158 73 76 106 334 456 410 291 259 419 629 664 593 566 573 551 548 607 527 210 175 171 232 71 46 82 90 98 109 120 123 102 89 87 73 75 104 102 34 8 55 29 30 4 13 3 12 19 18 113 98 204 263 130 119 396 486 213 7 20 11 11 6 2 5 16 23 12 11 25 19 16 16 5 2 4 4 5 6 13 14 64 296 347 221 128 41 277 379 165 323 411 108 322 626 442 87 10 7 22 12 69 60
2 42 12 42 80 168 117 58 113 205 89 344 423 314 546 258 92 36 72 79 269 120 158 34 92 52 11 256 502 350 450 396 153 246 155 112 23 211 506 301 83 390 303 59 89 107 97 147 224 256 292 314 248 372 627 603 482 396 338 336 318 265 212 469 393 71 75 137 171 86 36 24 23 26 22 25 9 18 8 32 44 56 56 29 63 97 80 58 25 32 23 29 22 87 144 122 272 170 198 194 273 461 471 156 3 7 7 7 3 0 20 20 0 3 24 23 11 13 12 7 4 5 7 1 10 12 56 322 436 248 20 199 241 149 346 206 249 305 31 427 651 362 26 15 20 57 62 30
42 40 21 42 34 105 51 104 127 55 68 89 295 159 375 249 111 109 93 187 284 217 129 39 99 39 48 397 471 108 199 352 352 468 461 417 489 490 448 243 84 329 388 253 236 264 282 346 341 203 191 318 439 515 404 83 43 22 30 25 31 72 455 630 228 42 32 28 123 141 40 10 22 5 30 41 31 19 31 23 7 35 69 62 62 96 153 12 73 38 44 18 69 159 62 287 198 108 66 36 117 272 497 416 84 14 10 11 2 0 20 20 0 1 14 22 11 8 16 13 8 8 3 4 6 38 270 495 375 99 130 201 106 322 346 380 167 255 237 71 499 650 259 22 52 46 32 64
61 16 21 31 36 138 53 138 196 52 96 237 43 126 222 246 123 150 159 240 227 214 97 24 79 144 342 601 414 146 165 313 454 492 417 307 538 586 430 244 148 261 461 514 476 414 335 340 335 289 301 334 365 309 128 56 4 54 5 17 34 368 659 309 23 131 143 72 34 137 103 41 4 12 13 15 57 5 31 17 8 32 62 65 97 172 65 71 32 57 38 49 174 12 252 217 131 29 60 84 30 117 317 519 320 27 12 1 2 3 20 17 2 1 6 14 16 12 8 11 9 10 13 20 14 232 482 416 143 142 195 28 225 196 96 221 325 87 219 179 155 610 580 158 57 56 76 36
60 16 36 12 51 185 86 183 253 78 227 162 153 106 139 206 250 193 72 141 77 112 94 89 202 408 606 523 228 142 152 166 98 486 460 348 546 150 94 114 82 75 130 147 130 90 65 84 83 61 60 59 46 24 21 59 48 29 20 13 291 665 434 32 47 106 21 106 26 72 146 82 8 11 8 13 53 7 26 18 18 26 37 60 144 192 196 22 90 93 69 181 60 252 246 143 91 67 154 161 85 78 179 407 508 230 14 28 18 9 18 8 7 5 8 18 23 15 10 11 23 18 3 3 186 482 431 148 144 326 127 147 170 308 295 276 196 132 82 292 168 266 633 496 78 49 36 4
52 24 41 11 89 221 122 258 306 96 339 187 232 238 260 329 464 568 605 590 584 596 591 584 580 563 438 170 8 24 25 118 481 511 160 91 470 458 141 27 17 30 45 36 24 19 23 24 16 14 8 5 10 6 17 25 23 11 31 209 627 523 89 16 74 176 134 76 10 33 124 158 45 20 16 10 23 31 20 2 13 5 31 48 149 160 174 129 52 44 124 120 218 266 159 124 105 153 133 129 139 120 134 248 443 458 165 12 17 7 11 7 5 4 7 45 105 127 188 227 167 28 7 145 452 490 220 80 275 108 276 90 505 550 344 417 525 319 59 88 318 64 378 670 404 70 12 11
37 25 29 4 107 213 119 332 372 228 443 108 123 134 212 317 428 529 572 541 494 499 521 501 430 285 118 24 25 24 62 402 527 82 104 54 203 448 401 99 7 14 16 4 5 7 23 17 11 11 11 12 15 12 14 26 27 7 127 553 597 148 27 52 133 136 59 33 44 35 56 152 114 24 25 5 19 34 28 17 24 32 6 43 142 167 172 182 18 58 102 178 298 153 59 146 219 251 287 293 242 193 124 78 257 489 413 89 24 7 6 5 8 8 8 76 86 102 135 65 183 58 97 399 492 239 39 238 224 178 398 431 706 397 368 525 242 631 229 291 242 299 49 461 625 307 38 8
27 39 14 22 123 205 141 433 422 287 578 169 20 39 12 18 7 24 26 11 25 13 25 18 5 17 11 6 12 35 332 576 161 99 240 160 159 215 496 328 48 13 17 4 10 10 7 12 12 13 7 8 11 10 8 31 44 79 458 635 229 42 91 119 180 260 169 161 101 74 75 57 138 82 18 13 12 19 21 12 31 27 14 46 144 163 167 186 81 141 111 313 194 66 155 262 324 415 435 412 421 400 340 221 36 345 523 332 30 18 12 10 8 11 21 91 104 68 61 159 201 16 348 520 310 29 189 226 79 275 367 489 847 430 480 693 111 852 204 471 75 362 227 114 544 584 204 12
7 45 21 22 164 192 297 576 363 208 583 466 111 10 30 4 7 17 34 31 23 22 29 20 15 10 14 18 29 269 589 285 94 45 179 174 120 48 311 505 219 10 19 9 14 7 5 4 6 8 9 17 21 18 15 13 51 398 668 322 32 36 53 20 74 51 72 66 21 15 101 37 88 145 73 53 40 27 12 27 43 40 18 41 142 154 172 253 173 84 300 223 101 99 155 146 207 246 384 436 392 277 154 145 137 120 414 511 237 6 15 9 9 13 24 59 82 198 162 323 130 299 519 332 75 147 231 19 167 286 307 434 761 429 406 624 230 789 153 434 238 100 338 160 247 597 504 130
22 33 39 15 174 155 577 585 276 196 435 665 369 40 29 11 5 13 9 8 19 21 15 7 5 5 15 17 178 547 394 65 11 45 312 416 294 87 101 428 473 103 27 12 7 5 11 8 11 10 7 6 18 24 19 3 315 695 426 54 10 178 202 151 192 289 315 284 220 189 137 16 46 99 109 20 36 29 19 13 14 18 28 29 145 167 228 353 38 344 267 131 42 181 73 281 357 568 315 294 277 456 416 212 79 115 222 466 479 157 15 2 14 20 29 44 53 238 185 333 113 549 416 105 120 225 102 222 246 155 212 359 583 399 263 448 257 607 96 274 292 266 186 331 90 315 643 418
23 16 39 29 94 399 613 388 151 69 164 581 629 222 7 11 5 10 13 12 13 11 7 1 5 6 12 99 470 475 5 11 125 175 213 220 229 169 83 219 508 382 64 5 1 6 10 7 14 14 6 7 22 28 30 261 662 544 90 17 154 214 239 182 231 100 34 39 125 63 44 114 37 46 112 97 56 27 14 17 15 49 36 14 141 142 311 250 318 336 155 15 148 33 225 211 284 709 366 45 196 625 461 241 151 200 10 289 516 428 99 19 23 26 29 13 64 203 187 220 403 486 161 66 188 111 40 244 89 96 213 275 399 260 130 299 121 437 37 180 56 316 138 274 315 46 468 633
24 11 33 21 274 514 422 103 182 294 215 197 681 525 119 12 8 8 8 8 5 5 3 4 12 17 59 399 529 85 52 67 107 116 44 78 65 158 45 86 277 517 314 33 4 8 13 11 15 18 8 4 18 35 237 649 587 162 29 86 324 108 393 181 247 207 194 206 248 223 210 163 123 46 79 174 99 43 26 8 4 64 49 55 173 441 361 138 326 178 51 128 52 173 206 123 367 780 382 166 235 680 580 118 280 29 167 50 341 521 345 58 38 50 64 28 96 249 425 401 424 236 65 182 30 233 299 221 93 154 212 234 307 226 132 266 134 362 69 207 12 179 308 114 275 250 103 487
24 10 40 203 451 425 197 228 301 211 249 206 389 708 399 50 10 4 5 5 4 5 7 10 18 18 330 582 185 58 23 154 201 308 539 616 559 473 285 30 75 335 505 197 6 7 19 14 12 17 26 40 32 105 586 650 156 28 37 269 345 207 510 144 177 97 37 61 138 30 423 261 406 77 45 109 161 56 14 22 15 58 100 119 346 284 328 352 186 68 99 97 125 165 93 72 361 747 486 375 323 621 597 18 193 190 54 150 123 400 501 279 83 102 147 77 104 326 585 182 89 31 192 32 205 215 203 192 171 128 68 168 184 158 48 184 174 262 35 175 140 182 320 370 122 209 187 154
17 3 168 425 439 285 29 279 215 345 250 233 102 589 663 268 14 12 16 14 12 10 8 10 12 233 579 304 65 30 169 103 156 376 226 86 58 332 276 88 30 125 430 445 77 26 16 13 10 19 21 18 90 472 710 276 5 6 216 330 335 279 618 159 181 157 107 92 125 20 524 359 495 367 17 38 104 128 25 25 12 38 119 129 246 370 551 270 104 79 119 84 170 59 57 76 204 476 616 694 692 614 390 15 78 168 177 119 108 189 432 492 104 88 147 91 98 361 647 134 99 138 44 297 301 154 64 49 45 25 113 193 141 136 183 149 117 213 188 48 54 82 113 220 315 92 224 118
8 87 386 474 310 33 193 102 50 69 42 108 133 222 656 578 143 12 31 8 24 12 21 15 176 551 392 43 29 115 216 260 239 502 277 212 157 374 235 27 90 33 221 530 351 14 19 17 14 13 72 252 511 693 392 42 27 148 327 354 266 393 646 179 108 194 214 220 171 102 549 478 296 555 223 36 34 143 114 23 31 24 73 212 433 415 281 114 8 83 161 240 163 93 72 25 131 123 124 161 137 146 154 12 56 60 205 106 155 32 262 492 354 203 198 97 52 366 615 103 190 43 249 247 115 70 74 90 103 119 202 201 154 160 167 157 115 109 183 152 133 120 122 176 321 357 70 166
56 295 486 371 80 318 288 326 643 835 815 657 447 182 322 719 448 63 22 9 34 106 125 136 527 490 44 4 39 229 109 370 65 569 398 394 399 530 349 177 47 50 69 334 563 267 30 11 18 14 182 518 648 392 79 32 72 166 240 296 266 459 531 161 305 320 257 243 198 104 509 508 36 402 450 103 48 74 165 93 26 34 9 233 204 176 152 39 7 148 234 174 115 109 121 131 178 149 135 120 96 134 166 109 126 123 187 307 200 101 118 334 389 461 459 183 36 319 537 356 307 205 321 429 467 459 440 418 400 374 287 141 36 16 34 59 94 98 109 101 113 101 93 78 80 221 221 88
271 475 421 193 294 434 178 257 595 465 521 603 450 292 135 492 699 331 27 8 53 219 215 380 559 58 54 21 208 33 309 215 82 686 507 255 267 667 567 149 90 83 42 83 396 519 159 103 117 90 251 694 396 102 44 28 113 97 307 477 538 470 349 94 276 250 240 274 278 71 384 514 489 384 318 215 28 61 100 190 131 73 57 233 186 136 111 115 99 172 177 194 198 208 212 195 140 54 15 18 47 102 83 65 34 15 43 125 194 81 15 166 199 278 655 362 178 325 511 340 219 229 304 358 365 363 374 399 426 450 468 479 494 515 542 560 538 522 554 577 573 568 566 557 517 421 266 160
500 458 259 149 528 144 394 409 714 113 62 599 432 130 412 11 635 629 199 16 123 417 437 448 166 84 36 168 70 260 177 96 78 628 569 396 391 693 551 91 147 33 77 27 119 447 384 189 140 170 255 726 368 51 63 110 103 192 175 220 262 240 190 193 372 374 335 321 341 156 234 376 483 476 352 150 42 83 91 118 261 170 163 290 438 471 447 413 390 435 461 455 435 421 414 385 340 299 273 248 232 255 303 349 347 320 333 338 265 185 125 115 117 76 665 546 108 148 426 303 159 135 163 146 81 45 27 18 16 15 14 31 31 12 22 30 54 89 114 119 132 151 163 170 186 203 203 212
495 316 54 485 308 246 380 477 734 100 46 644 443 224 291 381 247 712 496 123 212 616 394 186 83 29 102 76 270 263 120 16 101 330 498 570 562 502 302 44 95 154 16 36 30 194 400 369 301 303 195 633 437 288 252 193 148 177 199 198 176 147 166 137 58 39 47 86 98 58 77 16 26 44 96 113 78 58 46 45 354 381 368 420 312 224 187 255 269 277 322 324 331 360 359 373 405 420 458 492 496 514 509 485 506 525 515 494 455 398 381 388 405 387 428 537 255 87 563 427 189 105 102 139 111 4 25 22 5 14 68 198 252 219 177 268 311 284 272 267 252 264 277 270 256 213 140 127
360 74 414 397 116 300 239 473 715 292 248 637 450 263 43 372 201 448 705 403 206 703 229 291 31 60 161 188 244 63 2 105 56 104 252 293 284 167 87 127 31 148 165 34 8 65 171 405 533 487 79 503 437 429 467 449 450 472 475 480 501 508 516 523 537 547 540 517 482 433 373 349 341 325 293 233 212 240 223 165 354 587 315 224 298 358 335 324 296 254 227 215 198 166 134 111 93 68 56 15 16 49 57 30 78 123 102 106 164 186 218 218 190 222 175 366 294 42 610 431 238 392 464 359 309 262 258 257 261 274 278 266 286 275 149 172 104 276 344 342 309 304 288 199 87 153 119 57
186 279 466 20 267 147 195 265 673 734 743 694 313 188 117 86 369 26 584 692 207 610 209 201 90 202 35 220 176 198 197 152 53 72 12 31 57 95 61 120 91 67 98 96 54 28 121 205 501 635 124 353 281 82 57 28 16 47 80 105 128 167 195 221 243 256 269 296 339 375 387 399 421 444 456 463 474 481 466 428 393 547 256 188 534 235 69 15 15 34 57 79 114 161 193 299 417 430 423 440 431 439 452 433 438 432 402 384 367 343 349 345 323 248 174 322 358 133 581 385 547 533 439 453 400 314 277 262 270 280 352 426 474 395 379 309 289 569 504 478 408 497 563 538 319 170 238 309
109 380 162 284 197 80 113 109 129 170 241 262 74 153 36 110 233 378 143 664 487 376 109 212 188 155 70 157 229 253 233 194 198 247 249 231 234 230 196 201 248 269 234 177 122 103 103 267 272 683 492 397 470 381 444 440 411 400 414 420 417 401 380 344 322 313 294 259 222 193 162 146 135 110 79 47 35 35 49 160 179 389 247 209 564 104 246 245 220 214 228 228 214 208 177 227 74 93 9 25 37 56 175 252 203 146 141 95 72 138 201 270 301 298 241 326 359 209 425 280 452 228 132 54 43 55 39 42 10 48 83 131 62 114 483 518 399 715 157 147 33 143 59 659 517 346 415 268
255 159 372 364 270 243 201 130 79 60 62 90 91 199 179 230 171 279 185 333 435 318 271 106 132 152 162 192 208 206 218 231 238 256 268 281 285 279 240 204 199 191 189 154 136 195 226 332 106 426 360 219 522 241 235 229 196 64 52 2 45 95 128 198 324 379 371 374 373 363 361 375 402 431 445 449 455 459 442 355 311 404 281 144 448 267 332 260 231 254 301 340 342 295 298 364 366 448 323 84 118 288 537 629 641 627 617 549 362 72 12 207 318 148 217 349 309 209 248 185 278 272 243 225 181 101 81 152 203 245 233 224 217 174 455 608 301 649 544 444 352 450 516 655 468 462 495 150
169 108 115 21 14 31 75 168 234 259 255 214 170 199 229 268 329 235 192 69 183 265 367 254 220 199 179 165 170 164 122 62 41 4 44 66 74 67 87 118 144 158 182 204 208 229 291 435 419 656 598 463 744 174 243 341 294 289 307 339 322 269 224 214 152 44 81 110 174 278 327 304 280 220 127 146 215 234 249 214 315 418 283 32 247 317 289 219 224 329 400 448 451 400 401 431 452 357 493 400 144 544 618 156 173 193 214 457 577 198 223 631 652 685 370 269 219 198 207 248 201 285 254 215 215 89 92 197 205 220 243 241 209 182 405 553 169 352 399 428 383 421 431 398 318 456 492 138
475 503 584 620 616 597 579 545 499 459 421 395 379 345 302 255 193 137 166 210 172 179 209 196 203 287 311 241 216 228 250 277 320 367 379 369 348 330 308 283 257 233 220 183 149 142 133 188 117 478 297 458 816 319 720 643 500 400 370 426 421 369 305 385 453 505 370 25 448 482 477 482 508 524 516 265 103 291 471 365 141 434 292 122 25 67 204 267 210 263 161 99 128 226 270 118 102 113 176 638 523 571 701 85 43 29 28 572 697 117 697 705 252 447 326 162 96 192 174 235 146 259 211 216 254 14 2 213 221 166 170 158 144 172 364 487 107 131 72 166 106 158 109 146 218 412 439 200
157 194 228 271 311 342 382 426 460 497 533 563 583 592 604 617 623 599 571 600 580 359 98 232 274 280 179 297 329 322 294 258 210 130 114 91 145 182 127 57 103 124 190 312 391 390 391 382 351 515 268 361 650 591 570 251 351 360 392 432 434 373 282 378 462 506 677 354 519 502 31 45 75 152 597 317 493 777 761 684 219 393 228 190 113 209 268 277 286 403 272 74 108 343 392 272 256 261 327 380 735 521 716 73 34 9 12 607 709 341 777 225 570 561 326 214 115 151 112 209 139 167 131 264 300 46 55 263 279 113 102 93 94 166 327 459 151 196 157 154 102 159 125 156 213 380 353 106
467 451 442 443 434 413 384 337 292 265 235 204 173 135 94 34 31 77 122 165 214 357 78 430 380 505 382 437 386 406 390 377 388 402 382 418 387 228 424 435 415 402 390 324 122 188 209 170 245 598 296 160 415 352 36 153 188 192 311 99 258 278 51 12 25 22 462 602 412 640 235 282 270 287 722 184 771 639 219 660 294 279 89 204 62 207 213 182 249 455 363 167 212 430 406 211 191 210 483 284 745 515 714 60 26 22 24 630 726 368 764 207 492 191 256 234 158 117 65 189 187 127 137 329 309 178 191 302 281 88 90 87 104 235 312 462 253 325 272 286 277 303 287 316 278 406 364 134
141 150 129 101 85 30 55 209 328 375 418 422 356 338 380 412 430 436 449 477 456 373 86 574 349 342 355 298 159 176 166 130 236 360 441 322 479 74 321 201 223 196 104 281 121 411 527 642 389 519 303 54 97 300 249 217 276 256 461 131 342 400 197 190 178 187 294 634 370 792 289 303 291 429 866 141 838 537 168 519 194 46 92 230 25 208 252 151 214 450 379 119 179 429 394 153 108 133 469 256 652 494 658 239 225 193 180 617 686 236 677 250 404 379 72 133 201 84 40 190 249 146 180 386 295 156 122 266 272 150 151 141 158 290 308 410 290 306 63 89 39 73 18 340 322 428 349 124
311 65 441 556 629 646 631 524 190 62 101 96 167 121 99 87 78 60 183 225 193 127 345 536 191 33 132 41 101 17 103 26 99 227 212 200 580 83 278 366 399 405 354 309 194 488 218 335 477 291 228 168 61 376 376 155 228 263 527 317 434 425 135 137 153 177 257 554 352 822 347 129 77 458 929 164 776 523 177 418 224 108 104 248 37 231 329 160 190 472 442 120 180 481 427 122 98 119 447 138 587 448 586 64 36 32 18 550 619 279 707 375 345 525 198 145 244 54 22 201 313 115 106 385 282 174 152 275 287 147 156 130 135 235 249 319 245 267 180 218 221 241 210 297 283 366 296 228
528 154 579 389 166 247 320 662 323 398 496 461 393 323 322 321 310 308 319 365 294 136 447 501 137 145 188 165 205 147 215 202 210 120 106 226 571 106 121 223 37 69 99 158 182 547 316 218 62 160 197 274 97 401 455 118 191 206 461 423 443 348 148 135 131 156 270 432 291 664 460 455 454 547 819 103 655 481 328 419 243 101 148 261 34 293 378 162 172 516 529 138 181 568 474 117 114 143 489 51 574 471 669 233 225 208 207 600 651 431 779 310 547 627 122 190 280 33 13 221 362 51 31 340 245 173 148 259 240 64 80 59 134 208 221 271 209 187 37 67 42 92 49 202 243 280 202 72
471 261 535 419 69 84 170 736 250 687 480 567 446 337 345 334 279 335 484 615 576 448 413 409 134 192 218 139 203 38 172 131 196 167 163 240 491 63 122 225 41 70 79 173 107 437 274 305 234 312 193 350 127 430 519 127 171 131 296 222 255 220 144 144 139 197 275 291 251 466 371 421 456 474 579 53 475 392 379 348 194 123 232 268 36 342 392 161 164 557 585 147 215 649 499 146 126 105 518 78 550 512 715 106 30 28 21 570 675 442 756 146 678 696 90 224 304 32 50 299 361 67 29 310 222 107 36 225 206 65 68 51 164 206 222 248 215 168 44 62 38 81 54 194 238 240 182 26
398 237 501 439 59 47 175 723 148 771 290 201 170 46 50 76 80 120 329 331 487 619 400 165 171 206 195 115 251 92 223 159 170 130 110 165 408 58 243 314 243 190 126 215 52 320 102 189 87 241 198 380 138 453 577 122 165 132 250 143 196 172 140 130 131 219 192 152 186 317 218 218 227 260 380 58 318 233 246 204 119 90 306 280 38 354 405 154 140 611 642 145 263 728 511 122 88 50 521 45 527 533 716 90 20 12 12 483 681 341 745 155 716 725 56 260 301 48 161 379 281 101 28 256 275 177 124 238 227 76 69 9 177 214 232 245 239 163 52 48 1 59 51 206 222 271 216 96
381 153 523 454 48 70 162 705 154 739 375 106 296 189 204 218 236 240 316 69 246 370 95 106 148 200 187 117 245 224 294 179 181 104 95 161 358 149 340 290 272 269 230 332 46 323 95 161 34 263 247 428 144 491 623 99 152 108 241 121 176 141 143 130 115 215 120 75 139 209 91 124 143 170 274 41 228 109 129 95 63 60 340 299 37 367 433 165 116 567 655 441 443 713 452 20 55 50 514 65 509 559 737 107 66 60 61 426 698 271 762 178 742 774 55 284 288 51 202 305 261 229 171 100 151 177 151 168 163 79 83 21 117 250 258 234 240 216 181 168 147 107 96 238 191 308 209 70
400 82 514 421 107 111 141 689 156 697 375 109 358 167 168 175 189 295 434 74 273 334 140 227 153 215 190 137 191 205 216 116 199 99 122 219 311 238 331 312 276 216 138 365 52 311 166 249 182 288 272 497 150 540 650 68 155 75 229 98 147 118 113 120 118 199 96 61 170 186 11 10 8 91 226 41 202 39 88 31 39 62 350 295 107 387 367 150 126 303 558 719 683 530 287 31 44 54 401 251 397 531 685 360 345 315 278 363 650 197 706 321 747 724 80 292 292 61 166 251 309 218 111 77 65 32 20 85 230 254 147 100 118 109 117 241 198 67 16 34 32 32 39 155 157 217 167 146
430 91 541 389 89 28 107 673 130 678 352 111 397 167 132 132 147 309 485 92 338 380 171 284 220 258 189 174 184 202 198 122 220 121 114 190 216 193 214 360 310 328 292 300 84 217 213 263 180 218 303 529 157 565 677 58 122 10 178 172 210 125 110 64 86 168 95 55 208 179 38 17 8 81 210 55 196 22 99 27 34 92 361 270 166 328 215 191 110 39 132 213 222 133 117 122 124 123 155 142 159 334 604 734 768 790 805 576 396 127 642 785 763 463 116 274 300 80 113 138 208 204 171 139 111 96 87 108 113 122 101 84 225 341 385 393 360 314 273 264 261 243 244 301 358 321 220 179
451 122 597 386 100 21 115 669 127 652 327 141 428 195 135 125 141 339 511 84 379 414 173 310 160 250 147 160 186 189 198 112 222 115 88 159 179 169 48 273 50 88 69 134 92 106 98 159 108 163 333 545 168 584 709 36 72 162 140 83 132 158 112 28 50 164 135 48 183 247 254 237 238 234 208 102 186 194 211 139 83 141 385 261 209 296 104 117 99 74 47 39 44 45 29 24 74 125 163 175 160 59 142 218 242 265 298 376 59 298 137 246 193 120 196 223 297 70 284 424 378 261 183 166 170 168 178 254 312 314 255 234 285 248 183 204 163 118 84 73 21 35 76 76 76 100 137 150
451 153 616 380 86 20 129 679 128 630 290 134 447 209 139 128 145 377 546 71 409 443 197 274 90 254 116 161 261 230 322 31 219 58 46 114 179 183 36 285 43 53 53 102 100 84 95 167 81 156 349 509 266 647 605 10 67 31 48 71 103 110 62 10 74 190 293 225 69 55 93 114 130 122 69 57 80 114 81 70 83 184 394 231 296 393 227 180 101 46 52 71 80 87 79 80 96 131 114 45 85 37 69 79 104 151 181 348 76 315 133 137 123 100 58 158 301 17 399 313 35 82 72 40 16 0 16 84 185 162 38 80 208 352 452 480 461 445 419 426 447 450 461 463 433 417 423 423
432 179 608 362 81 34 147 690 106 629 261 141 467 227 111 123 156 416 592 95 445 479 171 134 164 176 59 118 260 143 321 72 207 16 11 76 209 188 121 305 274 276 204 177 106 171 219 256 103 180 363 331 581 673 355 59 106 157 177 195 211 184 119 55 116 32 140 236 256 261 253 245 251 261 258 224 176 179 210 222 192 191 334 137 440 396 137 98 42 15 22 43 17 24 41 58 104 184 244 256 197 143 138 143 141 135 136 320 93 332 176 181 177 174 143 215 306 16 332 391 446 417 398 394 395 390 372 351 336 351 332 265 208 152 133 72 4 42 88 132 174 203 233 252 252 271 298 302
442 214 583 375 214 182 202 657 93 611 251 167 453 247 61 79 123 423 616 120 471 501 90 47 68 87 142 177 307 354 239 20 114 140 135 100 148 183 156 160 216 237 233 296 175 327 262 223 171 236 347 89 648 390 255 192 171 170 176 175 169 162 145 145 205 260 218 108 28 12 20 22 57 82 90 72 58 8 25 69 63 128 315 43 378 280 224 218 199 176 152 139 122 86 53 39 47 45 50 82 73 94 131 145 163 190 206 404 100 406 194 195 186 164 159 294 289 27 168 272 282 225 178 194 234 243 289 403 503 585 621 620 578 568 599 590 578 579 570 547 516 478 441 408 387 395 416 427
426 91 439 578 600 582 560 580 191 535 533 541 501 272 126 54 94 326 580 450 535 447 62 61 101 117 104 87 95 110 79 52 138 186 201 183 65 95 208 208 165 160 149 188 188 228 83 89 66 205 287 108 669 156 13 55 96 109 115 141 162 165 163 161 174 212 260 286 299 292 269 265 271 265 253 239 222 206 218 246 256 253 394 143 358 456 433 434 414 364 335 354 392 404 396 389 371 337 314 299 267 228 209 206 189 157 139 400 81 410 161 166 190 225 288 313 227 80 31 73 210 187 99 275 312 234 45 140 128 290 396 534 549 471 416 337 298 326 371 411 444 473 505 528 512 467 420 391
384 333 130 90 112 141 177 182 73 171 315 337 237 91 78 64 53 144 433 577 530 249 54 49 39 34 9 14 18 18 80 76 107 69 70 91 134 187 214 217 207 225 225 139 127 185 237 230 198 152 291 178 705 496 398 373 346 326 308 277 234 189 156 142 130 113 68 19 62 77 75 90 132 170 188 164 117 81 64 63 59 294 428 252 138 211 125 266 335 344 375 408 392 339 320 379 397 393 414 400 366 390 440 463 472 480 479 442 236 405 417 439 460 490 429 227 137 93 55 283 270 286 574 576 533 573 451 156 382 502 401 63 147 178 303 264 192 155 164 151 122 100 85 84 128 194 232 236
140 110 230 273 287 303 324 329 276 161 87 70 98 116 45 68 85 82 112 143 46 191 241 212 214 222 205 182 184 191 157 136 169 164 138 98 34 55 38 105 158 172 169 194 225 223 215 211 221 161 404 357 562 508 399 404 371 346 394 470 490 471 444 412 409 436 458 461 454 434 393 356 330 310 294 303 339 375 391 410 419 388 334 289 136 366 286 260 161 113 76 34 99 210 137 130 92 117 111 137 89 68 32 17 12 48 76 141 53 184 56 68 93 137 78 84 128 87 116 360 55 714 565 242 174 341 684 617 59 509 530 211 255 208 352 190 204 236 271 217 179 157 105 148 274 232 104 35
376 425 413 397 406 367 303 260 257 185 125 131 148 111 144 105 106 90 64 60 209 327 215 206 267 313 320 307 289 274 272 276 281 278 244 211 224 260 273 264 243 222 205 165 122 107 123 142 171 202 468 449 351 383 83 151 143 101 115 93 133 136 119 84 83 107 139 242 444 573 606 630 650 655 594 478 431 422 394 394 358 190 177 277 185 332 156 167 52 40 39 97 186 307 207 294 226 260 263 251 172 152 137 132 150 177 200 220 157 319 250 233 248 341 351 196 194 57 198 326 226 709 360 78 80 69 272 749 445 387 518 140 169 103 378 181 472 432 452 414 402 464 480 471 277 86 186 164
386 86 151 213 260 296 324 323 267 180 145 154 188 213 207 161 150 141 145 168 333 409 106 102 286 349 368 372 367 323 236 253 355 411 423 419 376 317 289 305 328 343 354 350 331 322 316 321 345 307 360 377 355 554 272 122 138 241 129 119 221 200 196 101 3 125 234 270 287 106 59 15 29 55 158 131 138 147 151 171 187 179 202 245 173 202 290 441 531 576 548 499 460 441 332 397 283 204 239 268 159 241 439 513 473 439 382 257 193 258 275 427 377 182 189 291 238 22 281 225 289 596 350 107 105 100 32 583 649 249 475 118 129 70 458 254 640 507 225 180 147 149 212 613 369 214 209 212
463 549 556 521 483 414 343 313 307 288 251 254 263 234 221 191 153 124 91 36 174 450 182 185 300 78 112 141 176 215 158 186 259 311 330 311 244 134 66 52 23 24 74 135 191 205 174 142 155 84 194 379 389 644 56 350 374 429 483 406 94 106 79 406 426 416 220 213 406 144 15 60 81 136 338 281 179 75 69 110 272 191 293 207 214 226 379 403 248 239 315 376 480 499 327 410 396 322 390 476 327 423 334 136 191 246 260 187 318 104 450 470 552 504 116 352 248 38 286 124 309 484 311 84 61 52 80 443 675 160 408 103 67 106 545 294 498 571 600 548 528 562 528 640 268 282 249 259
387 430 455 491 545 611 628 568 494 456 458 491 503 472 469 540 574 552 534 521 468 479 180 114 339 260 243 222 218 284 279 308 317 200 172 250 388 152 81 89 59 30 46 147 191 134 58 60 137 212 227 445 419 607 86 340 179 149 43 504 303 89 292 416 172 410 522 95 525 335 255 241 250 275 458 110 317 215 186 239 170 194 353 181 268 240 369 504 338 88 7 7 355 540 277 307 319 178 178 585 466 467 465 433 386 349 333 219 366 73 468 224 519 594 119 355 254 49 223 85 204 422 312 95 61 57 114 393 624 137 317 172 119 227 558 413 258 290 373 398 413 433 381 353 56 488 381 300
219 155 154 253 321 349 350 316 245 159 43 39 15 98 31 134 200 277 334 381 393 362 162 30 275 116 194 214 183 273 258 249 241 93 101 249 308 106 175 98 90 111 142 221 209 204 61 66 111 217 343 477 454 553 73 258 184 183 206 284 359 113 285 271 171 190 525 276 557 400 227 203 175 218 580 163 385 313 326 298 134 230 375 163 294 263 308 508 396 111 1 6 369 589 188 246 307 176 219 557 451 307 250 204 201 136 86 82 263 167 346 133 389 512 97 333 270 58 213 141 207 461 361 86 55 60 115 382 580 108 299 218 151 309 536 430 147 35 54 61 58 103 179 303 408 504 232 38
73 112 103 138 132 83 132 152 187 225 101 103 200 164 105 221 377 408 367 342 311 280 267 80 399 182 298 309 341 488 430 271 308 216 255 360 340 130 300 407 409 380 304 303 152 330 93 77 222 174 438 454 526 527 104 200 147 115 116 185 341 35 233 172 132 142 424 364 415 345 289 315 337 306 464 73 211 160 232 168 46 232 377 153 297 283 253 515 449 127 7 7 381 595 126 172 305 164 215 467 356 322 271 256 268 263 287 218 235 328 324 183 331 581 449 258 243 58 268 193 139 493 403 70 51 73 116 405 636 195 314 179 168 294 523 379 204 157 180 147 182 375 444 425 438 346 146 75
15 57 38 76 80 45 101 121 175 295 423 476 360 177 150 187 131 181 269 281 229 342 235 107 447 210 292 80 17 458 554 275 366 89 88 361 459 43 165 233 147 58 57 226 259 490 271 258 340 224 479 417 600 476 131 174 147 233 230 307 413 97 219 140 139 138 340 372 287 279 191 82 118 100 370 461 472 400 345 212 118 185 381 158 298 308 212 527 490 138 14 6 395 593 84 120 308 161 241 255 395 554 440 357 297 260 216 150 85 151 128 113 198 416 582 416 155 59 301 204 99 504 437 67 63 108 132 451 694 148 263 126 273 308 548 317 373 350 406 428 493 533 366 222 165 120 101 118
47 49 32 31 60 58 28 110 116 161 282 405 567 467 398 522 651 714 595 280 61 284 132 60 383 193 334 131 52 469 603 267 375 187 203 364 457 262 522 642 693 717 642 514 334 708 368 393 528 274 484 415 635 492 130 171 156 324 271 399 471 107 197 154 143 154 269 286 267 281 327 408 402 339 359 422 441 445 529 534 454 208 333 168 298 336 174 549 536 151 18 6 400 599 52 96 285 122 308 217 430 396 234 173 143 121 103 179 60 160 129 132 126 130 250 404 254 126 315 224 79 498 479 75 24 82 142 469 708 94 216 58 319 339 549 256 430 172 46 229 374 320 193 164 175 200 211 202
104 35 32 31 21 49 40 77 90 108 103 55 230 266 321 396 456 526 678 616 218 324 143 57 354 203 369 146 49 504 564 257 291 93 150 268 294 311 359 110 57 20 310 640 310 781 167 300 602 279 472 414 657 551 116 169 169 295 318 411 444 101 160 155 148 170 67 290 595 560 469 369 247 155 129 134 98 91 192 302 447 410 243 128 286 360 111 567 590 176 35 5 401 608 68 119 269 115 427 411 171 120 122 148 147 112 114 214 104 229 155 135 94 59 60 221 343 262 322 244 29 487 518 114 38 51 147 473 714 95 200 31 312 340 528 238 385 184 166 294 217 87 68 104 140 140 123 99
36 68 54 42 86 55 11 42 113 212 285 308 338 268 234 237 287 322 171 519 502 305 162 101 322 213 394 152 178 411 408 306 203 22 49 116 198 180 164 207 224 250 261 463 315 625 199 307 588 254 482 405 687 568 66 173 200 193 304 331 343 92 165 185 128 39 370 524 464 227 98 61 67 96 107 100 60 35 21 53 182 275 214 60 287 367 49 561 629 195 47 15 405 615 131 154 259 102 541 453 54 27 42 45 52 49 97 220 108 236 45 27 23 34 35 77 300 376 344 257 28 495 551 110 54 62 149 483 713 90 194 40 316 312 515 235 326 130 304 413 187 60 57 70 38 10 5 14
83 86 50 69 92 38 27 27 222 253 288 323 324 307 356 344 306 349 359 196 554 161 140 109 265 216 392 202 222 163 218 213 81 7 57 82 106 99 66 24 13 21 87 275 281 275 300 316 504 224 496 395 699 562 33 150 224 80 143 158 247 73 106 124 177 393 505 279 101 27 41 51 53 68 50 27 39 49 58 55 65 103 183 148 342 356 27 551 647 200 42 60 397 615 162 134 195 217 656 381 42 35 33 41 32 4 80 224 93 241 16 21 20 11 21 47 239 453 425 270 32 558 606 147 124 44 130 482 698 76 194 40 330 286 523 217 315 207 413 348 87 58 45 57 24 14 15 16
44 54 51 62 45 58 1 49 259 320 285 265 279 272 234 232 257 267 258 130 526 44 130 109 213 173 342 65 23 11 36 53 62 58 88 63 93 108 99 87 94 101 115 165 182 70 197 333 345 179 502 381 708 556 48 125 239 35 44 76 202 49 22 93 440 524 274 64 42 85 93 64 33 24 21 28 43 68 85 65 67 92 170 252 441 337 28 553 645 186 32 33 376 609 165 147 165 397 677 245 45 40 43 32 24 31 89 240 110 247 20 52 60 45 39 55 166 503 563 218 190 673 641 185 191 65 70 500 670 34 196 12 307 299 503 191 324 279 457 272 24 40 58 36 25 18 18 6
73 37 47 73 45 93 31 53 123 213 256 253 264 291 309 304 293 310 265 194 515 51 167 99 283 223 302 94 76 52 64 87 102 111 106 89 113 123 128 135 140 121 102 76 81 178 321 201 151 128 507 371 730 569 43 118 238 33 37 67 186 49 38 185 601 431 89 63 59 64 18 17 44 65 55 52 44 38 64 86 99 96 120 316 540 279 141 521 601 177 25 41 428 639 166 139 96 544 586 137 18 33 50 51 59 48 133 256 150 263 42 48 46 74 52 19 66 467 621 306 399 561 475 65 138 72 11 530 560 246 303 189 191 209 454 191 317 392 528 235 41 44 22 31 17 16 29 24
14 94 116 96 10 100 51 43 18 33 67 83 74 68 77 71 59 30 109 258 484 44 197 74 470 289 226 108 95 110 132 114 94 100 95 86 101 97 112 90 65 45 34 14 32 100 436 201 43 109 504 317 759 535 40 152 201 26 40 74 188 61 35 314 647 341 57 51 59 37 18 38 49 48 58 59 60 70 77 58 71 58 55 327 587 236 170 406 554 191 61 21 547 658 51 98 113 617 471 93 60 66 64 45 31 34 157 281 165 300 49 17 18 27 29 26 30 370 528 227 139 323 402 101 29 110 101 505 487 377 214 206 338 272 360 255 139 427 626 221 36 34 4 25 3 27 5 25
