187 187 188 189 189 189 189 189 189 189 189 189 191 191 191 191 190 191 192 192 191 191 191 191 191 190 189 189 194 194 194 194 194 194 194 194 192 192 192 192 196 195 194 194 195 195 195 195 195 196 196 196 191 190 190 190 188 188 189 190 190 190 191 192 193 193 193 193 194 194 194 194 195 195 194 194 195 195 195 195 196 196 196 196 193 193 193 193 193 193 193 193 192 191 190 190 192 193 194 194 194 194 194 194 194 194 194 194 193 193 193 193 192 192 192 192 191 191 191 191 191 190 189 189 191 191 191 191 190 190 190 190 190 190 190 190 189 188 187 187 186 186 185 184 184 184 183 182 182 181
186 187 188 188 188 188 188 188 188 188 188 188 190 190 190 190 190 190 191 191 191 191 191 191 194 194 192 192 192 192 192 192 192 192 192 192 191 191 191 191 193 193 192 191 193 193 193 193 190 190 191 191 190 190 190 190 189 189 190 191 191 191 192 193 194 194 194 194 195 195 195 195 195 195 193 193 194 194 194 194 195 195 195 195 194 194 194 194 194 194 194 194 193 192 191 191 193 193 194 195 194 194 194 194 194 194 194 194 193 193 193 193 193 193 193 193 191 191 191 191 191 191 190 189 191 191 191 191 190 190 190 190 190 190 190 190 189 188 187 187 186 186 185 184 184 184 183 182 182 181
185 186 187 187 187 187 187 187 187 187 187 187 188 188 188 188 189 189 190 191 191 191 191 191 195 195 194 193 190 190 190 190 190 190 190 190 188 188 188 188 189 189 188 187 190 190 190 190 185 186 187 187 190 190 190 190 190 191 192 193 193 193 194 195 195 195 195 195 196 196 196 196 194 194 192 192 192 192 192 192 194 194 194 194 195 195 195 195 195 195 195 195 195 194 193 193 194 194 195 196 194 194 194 194 194 194 194 194 193 193 193 193 194 194 194 194 192 192 192 192 192 192 191 190 191 191 191 191 190 190 190 190 190 190 190 190 189 188 187 187 186 186 185 184 184 184 183 182 182 181
185 185 186 187 187 187 187 187 187 187 187 187 187 187 187 187 188 189 190 190 191 191 191 191 192 191 190 190 187 187 187 187 187 187 187 187 187 187 187 187 186 185 184 184 187 187 187 187 186 187 188 188 190 190 190 190 191 192 193 193 194 194 195 196 195 195 195 195 196 196 196 196 194 193 192 191 190 190 190 190 194 194 194 194 195 195 195 195 195 195 195 195 196 195 194 194 194 194 196 196 194 194 194 194 194 194 194 194 193 193 193 193 194 194 194 194 193 193 193 193 193 192 191 191 191 191 191 191 190 190 190 190 190 190 190 190 189 188 187 187 186 186 185 184 184 184 183 182 182 181
184 185 186 186 186 186 186 186 186 186 186 186 186 186 186 186 188 188 188 189 190 190 190 190 187 187 186 186 187 187 187 187 187 187 187 187 185 185 185 185 184 183 183 183 185 186 186 186 188 189 190 191 191 191 191 191 192 193 194 194 195 195 196 197 195 195 195 195 197 197 197 197 193 193 192 192 191 191 191 191 193 193 193 193 196 196 196 196 196 196 196 196 197 196 196 195 195 196 196 196 195 195 194 194 194 194 194 194 194 194 194 194 194 194 194 194 193 193 193 193 193 193 192 191 191 191 191 191 190 190 190 190 190 190 190 190 188 188 187 186 186 186 185 184 184 184 183 182 182 181
185 185 185 185 184 184 184 184 185 185 185 185 186 186 186 186 187 187 186 186 186 186 186 186 185 185 185 185 188 188 188 188 188 188 188 188 185 185 185 185 182 183 184 184 187 188 188 189 189 191 192 193 194 194 194 194 193 194 195 195 195 195 196 196 195 195 195 195 198 197 196 196 194 194 194 194 193 193 193 193 192 192 192 192 197 197 197 197 196 196 196 196 196 196 197 198 197 197 197 197 198 197 197 196 194 194 194 194 196 196 196 196 194 194 194 194 193 193 193 193 192 192 192 192 191 191 191 191 192 192 192 192 190 189 188 188 188 187 186 186 184 184 184 184 184 184 184 184 183 183
185 185 185 185 184 184 184 184 185 185 185 185 186 186 186 186 187 187 185 185 186 186 186 186 185 185 185 185 187 187 187 187 187 187 187 187 185 185 185 185 183 183 185 185 188 189 190 190 191 192 193 194 195 195 195 195 193 194 195 195 195 195 196 196 195 195 195 195 198 197 196 196 195 195 195 195 194 194 194 194 193 193 193 193 197 197 197 197 196 196 196 196 196 196 198 198 197 197 197 197 198 198 196 196 195 195 195 195 196 196 196 196 194 194 194 194 193 193 193 193 193 193 193 193 191 191 191 191 192 192 192 192 190 189 189 188 188 188 186 186 185 185 185 185 185 185 185 185 183 183
184 184 184 184 184 184 184 184 184 184 184 184 185 185 185 185 186 186 185 184 185 185 185 185 185 185 185 185 186 186 186 186 186 186 186 186 185 185 185 185 185 185 186 187 191 192 192 193 193 194 196 197 196 196 196 196 193 194 195 195 195 195 196 197 197 197 197 197 198 197 196 196 196 196 196 196 196 196 196 196 195 195 195 195 197 197 197 197 196 196 196 196 197 197 199 199 198 198 198 198 199 199 197 197 196 196 196 196 196 196 196 196 194 194 194 194 193 193 193 193 194 194 194 194 192 192 192 192 192 192 192 192 191 191 190 189 189 188 188 187 186 186 186 186 186 186 186 186 184 184
183 183 183 183 184 184 184 184 183 183 183 183 184 184 184 184 185 185 184 183 184 184 184 184 185 185 185 185 185 185 185 185 185 185 185 185 185 185 185 185 186 187 188 188 193 194 195 195 195 197 198 199 197 196 197 197 193 194 195 195 195 195 196 197 199 199 199 199 198 197 196 196 197 197 197 197 198 198 198 198 196 196 196 196 197 197 197 197 196 196 196 196 198 199 199 200 199 199 199 199 200 199 199 198 197 197 197 197 196 196 196 196 194 194 194 194 193 193 193 193 194 194 194 194 193 193 193 193 192 192 192 192 192 191 190 190 190 189 188 188 186 186 186 186 186 186 186 186 185 185
182 182 183 183 184 184 184 184 182 182 183 183 184 184 183 183 184 185 183 182 184 184 184 184 183 184 184 185 185 185 184 184 184 184 185 185 185 185 185 186 188 189 189 190 194 194 195 195 197 199 197 195 194 199 195 198 192 194 199 198 197 196 197 198 199 199 199 199 198 198 197 197 197 197 197 197 198 198 198 198 197 197 197 197 197 197 197 197 196 196 196 196 198 199 200 200 200 200 199 199 200 200 199 199 197 197 197 197 196 196 196 196 194 194 194 194 193 193 193 193 194 194 194 194 193 193 193 193 192 192 192 192 192 192 191 190 190 189 189 189 188 188 188 188 187 187 187 186 185 185
182 183 184 184 184 184 184 184 183 183 184 184 185 185 184 184 184 184 183 182 184 184 184 184 182 183 184 185 185 185 184 183 182 184 185 186 186 187 187 188 190 191 191 192 194 194 194 194 197 199 193 193 196 199 197 198 199 194 197 199 199 198 199 200 199 199 199 199 199 199 199 199 198 198 198 198 198 198 198 198 198 198 198 198 198 198 198 198 197 197 197 197 198 199 199 200 201 201 199 199 199 199 199 199 197 197 197 197 197 197 197 197 196 196 196 196 194 194 194 194 194 194 194 194 194 194 194 194 193 193 193 193 191 191 191 191 190 190 190 190 189 189 189 189 188 187 186 186 185 185
183 183 185 185 185 185 185 185 185 185 186 187 187 187 185 185 185 185 183 183 184 184 184 184 184 185 187 188 187 187 185 185 184 185 187 188 189 189 190 191 192 193 193 194 195 195 195 194 193 197 191 200 193 192 186 178 191 196 198 197 198 199 199 200 199 199 199 199 200 200 200 200 200 200 200 200 199 199 199 199 199 199 199 199 199 199 199 199 198 198 198 198 198 198 199 200 201 201 199 199 199 199 199 199 198 198 198 198 197 197 197 197 196 196 196 196 195 195 195 195 195 195 195 195 194 194 194 194 193 193 193 193 192 192 192 192 191 191 191 191 190 190 190 190 188 188 187 186 185 185
184 184 186 186 186 186 186 186 187 187 188 189 189 188 187 187 186 185 184 184 184 184 184 184 186 187 189 190 189 188 187 187 186 187 188 190 192 192 194 194 193 194 195 195 196 196 196 195 193 196 196 197 203 176 133 129 125 139 171 203 199 199 199 200 199 199 199 199 201 201 201 201 201 201 201 201 200 200 200 200 200 200 200 200 200 200 200 200 198 198 198 198 198 198 199 200 201 201 199 199 199 199 199 199 198 198 198 198 197 197 197 197 197 197 197 197 196 196 196 196 196 196 196 196 194 194 194 194 193 193 193 193 193 193 193 193 192 192 192 192 191 191 191 191 189 189 188 187 185 185
184 185 186 186 186 186 186 186 189 189 190 190 190 189 188 188 186 185 185 184 184 184 184 184 188 189 190 191 190 189 188 188 187 188 189 191 194 195 196 196 194 195 196 196 197 197 197 197 194 198 206 185 180 155 125 122 116 117 149 201 199 198 199 200 199 199 199 199 201 201 201 201 202 202 202 202 200 200 200 200 200 200 200 200 200 200 200 200 199 199 199 199 198 198 199 200 201 201 199 199 199 199 199 199 199 199 199 199 197 197 197 197 198 198 198 198 197 197 197 197 197 197 197 197 194 194 194 194 193 193 193 193 193 193 193 193 192 192 192 192 191 191 191 191 190 189 188 188 185 185
186 186 187 188 190 190 190 190 191 192 192 192 191 192 191 191 189 188 187 187 187 187 188 188 192 189 197 200 192 193 193 193 191 192 192 193 197 197 197 197 196 196 197 197 197 197 197 197 198 198 205 171 121 115 116 111 123 102 110 124 172 202 198 200 198 198 199 200 201 201 201 201 201 201 201 201 201 201 201 201 201 201 201 201 199 199 199 199 198 198 198 198 199 199 200 200 201 201 200 200 200 200 200 200 199 198 198 198 198 198 198 198 198 198 198 198 197 197 197 197 197 197 197 197 194 194 194 194 194 194 194 194 193 193 193 193 193 193 193 193 192 192 192 192 191 190 189 189 187 187
188 188 189 190 191 191 191 191 192 192 192 192 192 192 192 192 190 189 188 188 188 189 190 190 191 187 196 200 191 191 192 192 193 193 194 195 197 197 197 197 197 197 197 197 197 197 197 197 200 197 203 170 120 114 115 108 116 90 95 97 161 203 197 200 198 198 199 200 201 201 201 201 201 201 201 201 201 201 201 201 201 201 201 201 199 199 199 199 198 198 198 198 200 200 200 200 201 201 201 201 200 200 200 200 199 198 197 197 199 199 199 199 198 198 198 198 197 197 197 197 197 197 197 197 194 194 194 194 194 194 194 194 193 193 193 193 193 193 193 193 192 192 192 192 191 191 189 189 189 189
189 189 190 190 191 191 191 191 192 192 192 192 192 192 192 192 190 189 188 188 189 189 190 191 189 185 194 198 188 188 189 190 193 194 194 195 197 197 197 197 197 197 197 197 197 197 197 197 200 197 202 169 120 113 114 108 116 96 100 100 162 203 197 200 198 198 199 200 200 200 200 200 200 200 200 200 200 200 200 200 200 200 200 200 199 199 199 199 199 199 199 199 200 200 200 200 201 201 201 201 200 200 200 200 200 199 198 198 199 199 199 199 198 198 198 198 197 197 197 197 197 197 197 197 195 195 195 195 194 194 194 194 193 193 193 193 193 193 193 193 192 192 192 192 192 191 190 190 189 189
190 191 192 192 191 191 191 191 192 192 192 192 192 192 192 192 190 189 188 188 190 190 191 191 193 189 198 202 191 191 192 192 194 194 196 196 197 197 197 197 197 197 197 197 197 197 197 197 199 196 201 168 119 112 113 107 119 102 107 103 163 203 197 200 198 198 199 200 199 199 199 199 199 199 199 199 199 199 199 199 199 199 199 199 199 199 199 199 200 200 200 200 200 200 200 200 201 201 201 201 200 200 200 200 200 200 199 199 199 199 199 199 198 198 198 198 197 197 197 197 197 197 197 197 196 196 196 196 194 194 194 194 193 193 193 193 193 193 193 193 192 192 192 192 193 192 191 191 190 190
191 191 193 193 191 191 191 191 192 193 192 192 192 192 192 193 190 189 188 188 190 191 191 192 197 193 203 207 195 195 196 196 195 195 196 197 197 197 197 197 197 197 197 197 197 197 197 197 198 195 201 168 118 112 113 106 114 100 105 98 162 203 197 200 198 198 199 200 199 199 199 199 199 199 199 199 199 199 199 199 199 199 199 199 199 199 199 199 200 200 200 200 200 200 200 200 201 201 201 201 200 199 199 200 201 201 198 198 199 199 199 199 198 198 198 198 197 197 197 197 197 197 197 197 197 197 197 197 194 194 194 194 193 193 193 193 193 193 193 193 192 192 192 192 193 193 192 191 191 191
190 194 191 194 192 192 192 193 193 197 191 194 191 193 195 191 186 187 186 187 192 193 193 194 196 191 202 201 192 198 196 198 197 197 197 197 197 197 197 197 197 197 197 197 197 197 197 198 199 196 202 162 114 114 113 112 114 101 105 93 162 201 198 196 199 199 199 199 198 196 195 194 199 199 199 199 199 199 199 199 199 199 199 199 200 200 200 200 199 199 199 199 199 199 199 199 199 200 201 200 210 213 188 197 194 207 200 204 193 199 197 200 198 198 198 198 197 197 197 197 197 197 197 197 197 197 197 197 196 196 196 196 194 194 194 194 193 193 193 193 192 192 192 192 193 193 192 191 190 190
183 189 185 190 192 191 192 193 190 191 191 193 195 186 188 183 186 188 188 189 193 193 194 195 197 198 203 190 190 198 196 197 197 197 197 197 197 197 197 197 197 197 197 197 197 197 197 198 198 195 201 161 112 114 111 113 113 98 103 93 162 201 198 196 198 198 198 198 196 200 191 195 199 199 199 199 199 199 199 199 199 199 199 199 200 200 200 200 198 198 198 198 198 198 198 198 199 199 200 201 218 229 217 209 208 211 219 197 186 198 197 199 198 198 198 198 197 197 197 197 197 197 197 197 196 196 196 196 196 196 196 196 194 194 194 194 193 193 193 193 192 192 192 192 193 193 192 191 190 190
173 179 177 183 190 191 191 192 191 193 195 198 193 187 194 193 190 190 192 192 194 194 195 195 197 203 203 179 188 198 195 196 197 197 197 197 197 197 197 197 197 197 197 197 197 197 197 198 196 194 199 159 109 113 108 112 111 93 98 91 162 201 198 196 198 198 198 197 196 202 189 196 200 199 199 199 199 199 199 199 199 199 199 199 199 199 199 199 198 198 198 198 198 198 198 198 198 198 200 199 171 160 163 172 171 161 157 164 181 196 198 197 198 198 198 198 197 197 197 197 197 197 197 197 195 195 195 195 196 196 196 196 194 194 194 194 193 193 193 193 192 192 192 192 193 193 192 191 190 190
164 159 186 181 188 190 191 191 194 191 164 162 188 200 196 191 193 194 195 195 194 194 196 196 196 200 201 179 187 197 194 196 197 197 197 197 197 197 197 197 197 197 197 197 197 197 197 197 195 193 198 158 107 112 106 112 110 88 93 90 162 201 198 196 197 197 197 197 197 199 192 195 199 199 199 199 199 199 199 199 199 199 199 199 198 198 198 198 197 197 197 197 197 197 198 198 198 198 199 200 195 185 186 194 186 182 187 175 173 195 199 197 198 198 198 198 198 197 197 197 197 197 197 197 195 195 195 195 196 196 196 196 194 194 194 194 193 193 193 193 192 192 192 192 193 193 192 191 190 190
158 157 151 151 187 190 190 190 189 186 155 155 172 198 194 194 195 195 196 197 195 195 196 196 195 196 201 182 186 197 195 195 196 197 197 197 196 198 197 196 197 197 197 197 197 197 197 197 195 192 198 159 108 114 108 114 109 88 92 92 162 200 198 196 197 195 196 199 196 196 194 194 198 198 200 199 199 197 200 201 200 201 199 199 198 197 197 198 198 197 198 200 196 196 193 191 191 192 194 199 223 204 190 192 185 189 203 192 168 197 197 196 195 197 197 198 191 196 199 196 197 197 197 197 194 194 194 194 195 195 195 195 194 194 194 194 193 193 193 193 192 192 192 192 193 193 192 191 190 190
159 159 142 145 183 187 187 188 191 159 170 202 173 184 194 193 193 193 194 195 195 195 195 194 195 195 206 180 180 195 197 196 196 201 194 193 192 198 194 196 196 195 195 195 195 195 195 195 197 192 200 161 112 118 118 121 111 98 102 103 168 200 197 196 200 194 197 202 181 192 194 198 192 197 197 196 200 196 199 194 182 189 190 195 198 196 193 194 193 204 211 220 218 183 155 168 168 164 152 172 222 181 175 177 167 167 187 196 172 195 195 197 194 192 194 190 166 167 169 154 181 196 191 198 194 194 194 194 193 193 193 193 193 193 193 193 193 193 193 193 191 191 191 191 191 191 191 191 189 188
157 158 145 147 177 180 181 182 180 167 168 169 161 182 190 190 190 190 191 192 191 191 191 190 189 190 202 178 179 195 196 195 199 211 212 217 215 206 193 197 195 195 195 195 195 195 195 195 197 193 199 157 106 111 110 115 108 94 97 98 172 203 199 195 195 196 195 196 192 186 213 219 194 202 194 200 201 198 183 167 138 133 129 129 159 203 194 197 195 211 193 183 186 178 172 184 182 173 137 163 219 175 165 165 164 170 191 189 170 186 187 201 215 217 211 192 177 152 155 156 170 195 193 194 193 194 194 194 193 193 193 193 193 193 193 193 193 193 193 193 191 191 191 191 191 191 191 191 189 188
158 158 144 146 174 177 177 178 177 172 174 168 153 181 182 181 184 186 187 187 181 181 181 181 183 187 201 178 177 193 194 194 199 204 195 191 198 205 198 196 195 194 194 194 194 194 194 194 196 194 199 150 100 106 105 110 104 88 88 87 165 200 200 198 194 197 195 207 190 167 176 171 183 192 179 186 181 173 157 158 150 141 138 127 149 200 194 197 198 197 176 176 156 173 177 171 174 148 136 157 216 179 174 177 171 173 198 188 159 172 177 199 213 209 205 204 170 142 139 141 156 188 192 194 192 193 193 193 193 193 193 193 192 192 192 192 192 192 192 192 191 191 191 191 190 190 190 190 189 188
159 160 144 146 176 178 179 180 175 175 185 187 184 170 156 185 181 181 182 182 182 182 182 182 184 188 206 183 177 191 193 192 201 209 205 205 206 208 195 190 193 193 193 193 193 193 193 193 196 196 198 146 100 107 106 110 105 87 86 84 166 197 191 186 173 173 174 206 180 150 150 167 160 162 167 185 163 157 154 155 154 157 163 146 154 191 197 198 194 177 180 186 168 173 178 176 174 147 113 149 216 179 174 178 173 166 192 186 160 158 149 147 137 131 131 131 151 139 131 144 127 143 191 192 192 192 192 192 193 193 193 193 191 191 191 191 191 191 191 191 191 191 191 191 189 189 189 189 189 188
155 154 141 145 175 177 179 183 183 177 181 180 186 169 145 176 181 182 183 183 187 187 187 187 187 191 208 185 174 189 194 191 194 201 199 200 207 199 186 189 194 193 192 192 193 194 194 192 192 193 199 142 101 107 106 110 103 80 77 75 166 201 183 166 165 161 167 198 185 158 126 161 102 101 146 200 174 175 167 164 174 172 168 129 125 187 172 174 167 173 194 192 175 174 179 177 176 140 113 153 217 158 150 153 150 124 148 141 145 128 144 131 114 117 113 145 131 130 104 116 126 137 180 192 194 195 194 195 194 198 194 195 190 191 192 193 193 191 191 189 191 191 190 190 191 188 190 191 191 190
153 159 160 168 181 183 181 175 175 171 173 178 178 160 133 175 182 181 182 183 185 190 188 181 178 186 205 180 171 185 194 189 195 202 200 199 205 199 188 189 189 190 193 195 189 192 192 193 193 190 199 140 97 102 101 109 114 100 120 169 195 184 171 168 167 166 162 186 190 184 186 175 142 150 176 202 175 174 162 168 175 172 177 140 128 171 151 150 146 182 202 189 179 170 175 170 176 140 112 153 213 149 151 149 152 97 123 97 128 106 120 114 110 121 106 126 96 126 97 92 109 106 112 118 123 127 140 164 174 179 168 170 188 196 193 191 189 192 188 189 190 189 188 189 181 166 187 187 182 181
150 166 177 181 161 164 170 139 166 176 173 172 180 163 137 178 184 184 185 185 188 198 191 169 162 182 201 180 175 184 190 187 192 199 199 200 205 199 188 189 179 181 185 189 184 185 185 193 192 187 189 136 95 94 101 199 226 232 212 198 201 179 165 168 164 170 163 194 180 178 198 175 152 165 185 200 172 179 174 178 178 175 179 142 127 167 142 145 145 163 181 183 172 165 172 169 174 138 110 150 215 174 180 172 159 96 129 95 117 98 111 104 104 107 97 114 90 127 98 86 101 95 99 99 90 92 90 104 106 112 120 139 187 197 185 187 188 186 180 186 188 188 187 187 144 131 155 169 156 146
187 166 141 134 124 127 170 155 165 169 166 167 178 160 134 174 178 179 179 179 189 200 193 164 161 182 198 186 167 169 172 172 187 197 199 201 205 199 188 188 174 171 169 169 171 174 173 175 177 175 174 129 96 101 99 191 230 233 201 186 202 190 174 169 158 160 167 190 177 176 204 175 155 166 184 198 171 185 182 183 175 172 176 140 125 160 153 152 144 180 204 194 172 165 175 174 172 135 108 148 218 171 167 168 154 107 136 116 133 113 127 119 124 121 114 124 98 134 105 94 110 102 102 99 93 96 94 112 105 103 124 151 152 140 144 201 183 196 207 200 186 186 186 183 109 112 159 166 133 130
212 163 143 165 140 144 144 147 167 132 135 168 173 154 128 170 171 170 170 171 188 196 193 168 163 174 182 185 170 168 171 173 184 195 198 202 206 199 188 188 171 172 173 173 184 191 189 170 169 170 171 135 99 111 122 182 230 216 178 167 175 182 175 178 166 166 169 194 182 175 197 173 154 159 182 206 172 186 181 178 178 175 179 141 143 208 207 193 147 164 186 191 165 159 171 171 170 133 106 144 216 171 165 168 150 108 135 121 141 122 136 128 135 127 124 129 106 134 105 101 105 97 100 99 103 104 95 117 113 92 100 120 128 120 126 197 179 209 204 212 188 186 186 181 112 123 157 174 128 132
206 167 156 182 144 144 145 156 176 149 148 169 174 155 130 146 155 160 163 164 187 186 188 168 165 169 184 184 169 167 168 170 180 188 193 196 195 192 181 183 168 141 140 174 196 202 190 171 175 162 158 134 133 210 199 202 218 216 196 178 141 177 183 193 187 184 180 185 179 173 197 175 159 164 184 201 177 187 186 180 176 172 174 141 137 185 189 179 153 177 176 166 170 153 167 170 166 136 106 148 209 173 173 174 149 102 134 120 139 121 133 125 130 125 119 118 103 128 99 98 102 97 98 101 100 102 93 104 111 91 104 130 141 130 140 180 164 165 151 146 151 169 176 169 112 141 173 146 125 151
201 174 204 179 133 130 135 160 178 155 159 149 147 141 140 111 121 131 136 143 181 186 186 171 161 176 183 183 172 173 169 161 179 189 195 199 202 201 194 180 113 104 100 128 146 131 122 109 126 146 134 134 151 210 199 194 197 205 201 192 170 174 186 198 161 191 203 194 179 171 204 178 159 175 180 197 175 190 192 189 182 182 173 132 137 185 187 177 136 127 128 129 167 155 161 149 150 130 105 152 215 172 165 165 146 101 131 116 136 116 128 119 131 128 120 120 101 127 97 96 101 98 97 101 98 96 92 125 124 81 102 149 140 130 133 182 156 145 154 178 186 165 155 155 124 159 172 135 138 159
215 214 207 177 118 115 141 165 179 160 159 141 127 123 134 122 142 146 157 157 188 194 191 170 159 165 181 185 166 169 170 167 182 196 197 202 221 209 190 150 113 163 151 149 149 163 159 143 151 160 168 151 139 137 145 155 155 152 159 140 117 134 159 187 186 201 164 172 180 163 198 172 151 165 183 199 188 214 191 160 156 163 161 147 133 174 173 157 178 202 187 169 171 150 138 141 148 130 106 150 210 165 153 159 148 103 135 110 134 111 129 116 128 121 116 121 102 127 98 95 100 97 97 99 90 99 94 133 141 114 98 147 147 130 131 182 157 142 161 185 188 160 138 140 128 159 165 126 113 91
215 211 206 178 123 123 146 179 217 210 112 69 95 130 127 123 125 132 156 158 181 196 185 166 155 179 185 193 218 211 208 189 177 191 191 206 221 214 191 155 119 130 147 148 151 175 159 152 214 207 189 200 163 131 154 158 158 154 163 142 120 122 147 203 216 215 217 192 188 170 192 171 151 161 178 195 196 202 214 168 133 133 144 186 152 183 180 161 168 198 178 141 139 143 133 123 149 135 109 146 202 167 155 155 140 102 125 102 129 99 124 107 117 107 104 116 97 124 96 94 99 96 95 99 92 95 91 130 152 131 93 138 150 131 137 194 155 131 146 158 157 134 136 148 109 157 165 110 49 28
137 149 148 131 125 108 140 166 191 197 125 89 140 164 164 141 151 143 149 135 165 190 189 173 161 174 175 186 225 195 170 191 177 199 199 213 224 221 191 168 125 104 145 142 177 177 169 166 177 204 186 197 164 138 167 155 154 156 158 142 121 125 116 170 239 224 228 200 195 176 180 164 144 153 196 214 213 193 223 227 222 219 223 196 151 180 176 153 150 180 169 138 147 161 119 92 133 129 109 144 187 168 166 166 139 90 133 88 118 90 118 98 112 102 100 116 100 126 96 94 100 97 96 99 91 100 108 134 154 156 133 145 154 131 117 174 67 44 57 69 66 75 85 97 80 116 128 65 23 34
117 121 120 117 119 120 119 110 154 159 158 166 177 173 176 161 147 126 131 125 140 139 148 167 163 161 151 148 138 174 173 182 193 181 175 210 228 218 184 162 110 93 150 123 173 175 159 156 128 204 184 199 163 131 154 159 155 150 145 141 163 139 140 194 217 220 232 206 190 177 181 158 152 160 207 209 209 212 212 208 213 214 218 197 150 179 174 156 154 184 175 157 156 88 29 27 40 110 97 139 184 163 150 160 138 92 126 94 119 94 120 96 111 98 107 110 69 73 71 71 72 71 71 72 67 95 154 127 153 153 151 141 146 126 134 187 137 29 24 24 23 24 26 26 25 29 29 23 29 31
95 106 98 98 114 129 117 120 159 190 142 189 194 170 189 188 158 153 149 156 163 161 158 155 156 151 109 119 159 203 202 194 203 172 175 213 231 217 187 166 76 54 141 119 179 179 154 157 134 197 183 198 197 178 187 199 186 183 182 189 214 187 199 227 232 199 104 183 180 177 176 165 154 173 206 206 211 208 207 211 206 208 191 193 182 172 169 149 147 184 168 167 168 84 30 25 33 136 152 146 169 148 152 158 139 91 117 89 116 89 119 92 105 99 95 87 56 56 58 59 55 56 56 54 54 60 127 132 141 141 145 139 125 134 180 178 191 113 25 29 30 30 30 30 29 27 27 27 27 27
94 109 97 103 101 132 157 154 196 202 167 202 214 191 186 206 191 191 198 200 198 197 198 201 198 188 139 89 130 200 195 192 203 172 181 200 212 199 159 156 70 52 144 118 183 183 155 159 126 177 171 201 242 246 233 224 216 208 198 207 226 213 199 226 230 195 97 139 102 160 202 196 167 168 200 198 202 202 202 202 205 215 185 197 192 148 152 134 141 171 163 164 175 120 93 68 98 181 198 163 101 51 67 71 64 67 71 69 72 64 82 75 84 82 64 49 53 53 54 55 57 57 57 57 56 55 63 132 144 144 143 137 143 173 176 202 183 192 78 22 31 30 30 30 32 32 31 30 30 30
143 137 77 73 73 108 138 148 222 236 240 210 152 127 133 193 221 212 214 201 185 189 187 184 185 178 150 115 150 203 195 191 203 172 164 163 169 146 120 140 56 45 137 142 181 177 153 155 121 176 196 215 233 237 222 217 216 205 191 207 199 192 200 223 225 187 156 144 88 148 217 203 184 195 225 216 214 200 200 214 192 186 205 200 174 143 151 142 148 120 146 150 151 148 133 80 94 154 117 130 145 52 56 62 60 60 58 64 62 62 54 55 57 57 55 52 58 57 59 59 58 58 58 57 61 59 57 87 146 148 145 123 169 173 172 213 192 175 174 46 25 30 30 30 30 29 28 28 24 23
102 78 61 58 67 69 73 54 97 173 214 110 24 26 22 60 175 190 181 176 166 198 200 179 174 186 178 170 193 196 193 189 201 168 167 187 206 157 138 152 47 36 123 167 181 171 153 155 122 170 184 202 234 233 220 209 222 212 181 190 199 182 183 194 214 161 151 184 131 147 167 169 179 182 176 176 177 170 170 177 169 161 189 161 140 137 146 150 145 140 150 148 155 152 157 139 143 103 110 179 185 119 52 64 64 65 64 63 64 64 61 61 60 53 55 57 52 53 55 55 57 57 57 57 53 58 58 55 100 149 139 152 179 187 165 125 139 187 187 145 36 30 29 29 27 28 24 27 26 30
81 71 63 63 67 81 122 77 61 77 148 133 11 11 0 112 181 171 164 161 134 202 213 186 162 197 189 182 195 178 134 158 194 167 186 226 215 205 206 172 82 70 133 173 170 168 151 141 155 154 168 180 188 188 191 211 184 166 143 117 137 126 113 105 146 170 191 205 157 151 139 144 149 153 145 149 146 145 147 148 143 145 142 136 141 141 134 156 149 149 146 148 143 151 152 160 136 110 177 156 164 169 99 55 67 63 59 63 62 63 63 63 58 58 58 57 50 52 55 57 56 56 56 57 57 53 60 51 58 108 147 182 175 184 117 55 72 170 185 180 123 32 29 30 32 28 26 29 39 49
67 72 70 65 71 71 64 51 70 66 59 113 84 42 28 112 169 176 190 177 174 206 210 191 171 196 190 185 192 110 67 77 150 164 165 226 210 189 200 129 73 70 74 147 148 128 127 115 155 150 86 84 132 165 168 122 49 39 47 48 51 47 53 42 48 167 208 193 194 152 150 152 158 158 149 147 142 146 151 152 151 152 152 143 136 136 144 148 144 142 149 149 153 151 148 140 95 179 169 184 210 175 169 77 55 63 60 62 62 63 63 63 58 58 58 57 52 52 55 56 56 56 56 56 53 57 54 54 54 112 174 175 178 126 102 119 99 102 166 178 180 95 22 30 28 30 21 39 48 26
66 73 76 61 70 73 62 50 66 75 108 61 132 109 58 105 141 155 150 169 140 121 193 189 164 201 191 187 190 99 59 60 108 153 176 212 205 201 213 143 87 63 64 165 170 153 148 111 129 124 95 123 114 141 126 49 40 50 39 46 45 45 49 50 142 204 168 174 183 184 158 148 152 150 151 152 155 146 143 149 152 158 151 148 134 130 103 165 168 142 136 149 154 155 155 98 165 176 188 212 215 205 176 163 63 62 64 58 63 63 63 63 58 58 58 58 55 54 53 53 55 55 55 55 56 56 60 52 99 168 167 191 148 120 150 171 150 104 125 195 178 181 66 20 29 31 42 43 28 32
55 67 65 62 64 70 57 35 61 70 107 66 79 126 77 88 145 156 153 171 142 126 193 190 163 198 189 200 144 72 74 77 84 88 50 109 139 48 68 69 75 55 52 78 82 79 68 50 62 63 47 59 51 53 36 41 49 62 44 40 43 46 32 109 212 167 182 203 168 196 170 162 153 148 154 152 157 149 144 146 150 149 152 143 133 126 134 124 147 164 154 154 155 154 101 145 177 181 210 179 181 202 194 173 134 49 59 66 64 63 63 63 58 58 58 58 58 55 52 51 54 54 54 54 56 55 49 93 167 175 188 145 131 157 193 198 196 158 109 135 174 182 163 40 27 36 46 24 27 27
54 62 73 70 60 70 54 30 66 71 128 73 66 110 104 92 107 128 199 197 189 176 195 187 189 173 163 135 48 32 34 33 38 25 48 169 190 71 34 46 42 36 35 31 37 39 35 47 36 34 38 38 41 38 40 37 38 48 45 42 42 39 86 203 175 176 214 214 197 171 196 160 155 148 156 149 159 146 140 154 150 156 149 146 142 135 182 164 137 168 146 154 157 111 129 182 171 208 191 196 192 189 201 186 174 99 56 64 59 64 63 61 58 59 58 58 55 54 53 51 54 52 53 52 51 49 75 165 169 194 153 113 165 182 183 185 185 187 162 123 158 188 182 138 30 22 26 28 22 24
57 63 69 66 60 70 35 12 66 78 143 63 68 70 63 84 121 139 177 176 170 152 165 164 161 147 107 46 36 42 36 41 44 38 146 171 163 160 50 49 39 41 41 39 46 44 45 42 37 38 39 39 39 38 36 37 43 40 48 46 37 58 191 190 168 202 166 196 193 189 183 189 150 147 154 152 149 154 147 142 146 145 146 147 144 140 180 183 141 139 120 156 119 105 189 172 206 191 210 234 225 220 199 207 173 173 80 55 57 60 63 59 60 60 59 59 57 52 47 52 52 46 49 57 52 63 155 172 180 154 103 110 161 105 101 136 117 109 130 128 86 164 174 185 109 22 29 23 26 26
59 61 68 66 60 66 32 11 62 96 146 29 34 41 45 41 29 39 46 43 45 33 41 43 40 33 30 32 31 36 38 44 33 123 178 120 162 152 139 38 48 37 43 44 46 41 46 42 38 39 40 41 41 40 38 37 43 45 49 46 49 171 196 163 212 154 151 201 159 205 175 193 178 157 160 152 151 149 154 152 157 146 151 156 148 144 183 186 137 141 151 127 92 185 164 195 211 211 236 227 218 232 223 206 207 165 156 59 61 60 61 62 61 59 58 58 58 91 81 85 135 83 51 52 54 146 170 190 181 120 128 191 212 52 0 157 112 0 84 194 126 111 189 180 177 76 28 27 27 26
60 57 66 66 62 66 36 21 63 115 176 57 32 40 37 32 40 41 34 32 29 38 40 29 35 34 35 36 33 34 35 29 94 194 114 131 192 131 168 110 39 42 40 44 44 47 40 43 41 40 41 42 42 40 39 38 36 44 46 43 141 207 161 201 179 156 185 204 191 172 213 169 199 165 153 153 151 154 160 148 149 144 138 152 148 143 184 183 143 135 143 92 173 169 193 199 141 148 151 158 149 155 163 160 184 198 173 132 49 57 62 59 59 59 58 56 56 72 75 78 63 55 53 48 123 172 173 168 131 126 111 192 214 73 0 183 128 0 104 221 142 91 129 179 169 171 48 27 28 26
62 54 64 68 70 66 27 6 84 155 165 138 40 37 31 37 39 35 38 40 36 44 40 39 32 35 38 31 31 37 25 74 181 133 117 178 199 177 131 172 74 41 39 43 44 43 42 42 41 42 43 43 41 40 39 37 35 39 30 115 206 170 192 210 195 219 216 222 220 202 209 200 171 195 161 151 156 153 146 149 153 152 151 153 143 140 179 181 140 136 87 149 177 185 209 157 145 140 120 115 123 122 117 128 131 203 189 172 106 49 64 60 58 58 57 55 48 70 71 132 89 44 42 105 173 174 195 141 127 126 145 195 221 86 19 181 125 13 114 223 160 103 99 137 189 175 143 35 25 26
66 59 61 67 73 65 21 38 156 164 185 187 111 34 30 42 39 37 40 41 37 41 38 39 38 38 36 36 39 37 52 170 151 113 175 120 107 138 169 140 158 40 39 42 44 40 43 40 40 41 42 44 46 46 40 37 36 32 85 207 174 182 203 144 204 181 180 177 179 191 198 195 190 180 184 163 167 165 155 152 157 151 156 149 146 143 180 175 130 77 133 178 175 210 171 151 205 213 129 31 48 48 88 188 193 145 213 174 166 78 51 60 56 57 56 55 53 67 68 132 110 33 89 166 168 167 149 125 126 178 169 200 213 104 83 185 138 89 143 220 157 169 104 100 170 175 177 112 24 26
65 64 59 67 67 62 40 133 170 203 201 211 175 67 35 37 38 38 38 38 37 36 36 36 32 35 34 38 36 36 145 168 108 162 135 76 89 85 158 149 163 124 33 40 40 42 41 40 39 40 42 42 37 43 33 40 27 49 195 185 171 213 136 139 205 172 134 145 141 153 174 130 210 172 193 174 151 150 149 151 155 157 148 144 151 141 191 198 102 99 185 175 208 178 158 170 213 223 160 53 47 43 108 213 218 138 174 213 173 160 56 57 58 63 61 60 56 63 46 86 67 49 167 169 193 157 124 128 159 212 163 195 211 138 124 182 141 114 153 223 165 187 168 97 108 156 181 175 83 20
63 65 57 67 67 57 124 169 193 204 191 197 207 154 45 35 37 37 37 37 36 36 36 37 39 39 32 37 30 117 179 109 150 169 157 175 172 171 164 193 134 169 97 41 41 42 41 40 38 38 40 42 46 42 39 31 73 174 193 168 212 153 130 178 230 214 186 189 182 193 219 178 159 214 168 194 165 143 152 153 149 158 149 139 139 153 166 138 104 184 165 204 194 161 172 203 219 225 118 38 59 60 90 205 222 186 145 192 203 170 138 50 64 59 66 58 57 53 34 126 136 150 171 171 171 132 151 125 141 148 139 204 211 141 135 189 153 131 160 214 159 157 169 123 87 118 193 173 166 67
63 63 57 65 60 98 168 185 217 124 137 124 214 200 118 33 36 36 36 36 35 35 35 34 34 35 34 25 89 185 108 140 165 92 111 99 106 106 116 138 183 133 176 69 38 42 41 40 36 37 38 41 38 38 38 28 175 208 163 202 177 134 107 168 228 207 187 189 194 207 222 194 110 177 202 176 196 160 158 161 152 153 156 140 129 140 42 59 176 175 196 194 166 171 208 208 218 224 108 3 8 9 27 195 223 205 183 143 198 191 167 118 53 60 83 69 52 50 26 130 184 169 194 168 122 152 201 212 212 206 215 213 215 169 167 206 170 151 180 226 196 175 173 166 153 111 123 167 173 159
64 61 58 60 82 162 170 221 161 107 162 143 155 218 186 82 31 36 36 36 35 35 35 35 37 35 30 63 183 131 128 175 66 136 113 7 20 27 46 146 144 168 140 152 41 41 41 40 35 36 38 38 30 38 31 134 207 169 199 189 132 127 68 180 234 210 183 176 174 184 216 195 79 109 197 188 181 190 154 152 160 159 151 147 115 84 52 167 174 193 207 170 159 193 206 206 222 224 189 149 150 142 151 210 220 202 206 166 150 214 183 169 90 44 104 83 56 51 27 144 189 163 173 127 154 182 185 187 186 188 185 183 173 177 176 175 180 184 196 192 191 195 199 202 193 165 109 149 185 169
60 61 61 62 152 168 211 195 183 206 218 216 196 213 211 163 50 32 44 36 31 31 42 34 33 28 39 166 145 114 174 96 97 178 140 70 106 104 99 166 111 173 142 162 111 24 39 38 40 36 41 45 44 36 103 210 178 183 205 143 140 70 70 180 235 232 221 214 216 221 220 196 82 66 136 213 171 192 174 150 146 151 155 150 138 153 149 184 184 216 176 168 192 205 202 200 207 190 179 177 180 185 195 198 215 203 205 203 153 163 209 171 157 63 75 62 56 54 48 144 209 179 133 169 216 222 227 226 222 221 220 209 152 146 144 142 138 136 130 164 195 193 192 192 190 183 154 113 155 166
58 66 54 126 169 198 205 118 168 131 137 136 161 164 204 203 135 32 36 35 32 38 34 42 29 39 152 163 99 168 116 79 151 184 139 46 69 70 68 181 157 123 182 136 175 78 25 37 43 40 36 33 91 152 200 185 181 212 156 149 78 69 73 187 223 232 236 227 232 235 223 196 87 64 85 162 205 166 196 165 145 153 150 145 157 214 183 176 206 182 197 220 230 221 229 225 229 208 189 187 195 175 177 204 222 212 203 204 195 152 185 204 165 141 147 103 51 55 51 145 182 158 162 191 202 201 202 203 211 212 215 216 213 214 216 218 221 216 206 223 228 228 229 229 231 230 209 163 127 167
42 49 105 164 183 218 121 113 156 20 0 3 26 135 150 220 191 98 28 33 35 35 49 95 19 130 179 110 155 148 66 152 160 181 136 0 0 0 14 177 173 145 139 176 136 171 54 38 42 41 43 32 108 224 198 175 213 171 168 178 153 151 147 192 208 141 131 165 147 166 206 200 107 92 84 108 187 204 171 188 162 159 149 143 161 213 189 215 202 186 224 231 234 229 227 235 233 222 213 212 211 207 215 231 234 238 232 236 237 230 191 200 191 164 217 123 45 46 41 85 104 100 109 98 99 105 111 116 118 121 124 127 132 138 145 150 153 157 163 163 163 165 167 169 168 172 172 170 163 163
39 81 161 176 222 154 70 131 197 47 8 16 15 170 115 170 216 175 62 31 35 28 58 101 101 185 113 139 164 75 140 157 161 185 139 0 0 0 12 176 170 161 130 153 151 147 145 33 67 82 41 33 107 218 190 206 192 160 203 204 212 205 205 210 230 175 162 188 144 176 227 205 202 197 190 185 163 203 184 183 213 170 135 139 151 148 155 163 166 169 172 175 177 178 171 176 173 178 183 186 191 191 196 202 196 205 210 212 215 212 203 177 210 180 219 162 24 4 4 24 109 110 112 111 108 111 111 112 110 106 102 98 94 91 87 84 76 80 85 79 83 85 87 88 89 98 98 101 110 103
65 151 167 213 176 88 99 164 188 38 12 20 20 178 125 97 202 210 143 38 33 27 94 196 184 127 127 169 85 126 156 159 162 170 152 105 97 97 111 191 173 170 156 122 171 129 159 115 65 91 36 31 93 193 197 215 195 208 215 212 213 217 217 220 228 234 235 235 238 235 236 212 218 214 209 212 204 179 218 187 202 182 115 109 102 81 74 109 84 115 96 128 108 129 118 132 134 138 140 143 149 152 155 155 143 147 160 151 146 159 164 165 163 149 168 177 70 31 11 44 161 139 132 148 139 120 122 122 122 125 128 129 138 150 146 147 143 150 137 133 135 132 129 127 127 127 117 122 111 104
138 163 203 198 92 90 148 170 192 29 0 6 10 180 142 118 127 222 191 110 27 29 93 208 140 115 171 104 119 180 179 187 178 137 147 139 145 141 146 127 165 176 167 156 123 176 124 162 151 154 52 35 66 139 118 143 138 146 151 156 161 157 176 170 180 178 181 182 183 190 196 196 199 196 204 201 207 203 204 201 203 217 105 32 35 67 123 123 91 104 112 83 99 102 70 94 81 71 84 71 62 72 67 65 90 69 83 77 97 89 113 83 107 92 93 120 83 45 18 35 168 151 143 111 172 111 113 104 102 108 102 94 144 164 143 107 151 168 145 151 151 144 153 161 154 165 155 129 136 150
157 189 214 120 83 137 150 162 204 107 86 81 72 188 144 150 116 162 217 181 77 17 90 193 125 168 133 92 144 157 162 158 156 148 177 177 172 168 178 147 158 180 181 184 152 139 166 124 211 194 57 25 28 107 88 90 88 98 95 90 102 81 100 82 105 96 97 102 102 124 113 136 120 137 120 142 140 145 138 141 151 177 90 45 26 90 174 177 180 178 168 173 173 167 168 159 161 163 156 154 153 148 144 137 145 131 116 133 126 111 122 111 98 115 111 121 110 54 20 23 180 127 41 2 67 51 58 57 58 61 59 58 113 62 64 128 159 172 73 36 49 59 52 50 70 151 159 139 124 118
181 221 153 89 124 153 149 160 191 194 190 191 193 199 141 157 149 110 195 210 166 60 98 139 103 128 108 116 125 129 133 132 137 136 138 148 148 156 163 152 149 154 149 149 153 123 168 146 169 206 106 53 48 138 157 145 151 142 139 138 130 134 125 128 120 120 114 118 109 108 95 105 95 96 87 91 90 84 85 77 106 130 74 48 16 110 157 99 108 105 108 105 116 122 123 128 152 191 189 170 181 175 173 189 187 184 190 180 185 194 182 183 183 185 154 153 126 76 33 25 144 53 20 26 37 22 34 37 38 41 30 27 31 40 38 56 170 215 60 3 32 62 28 0 40 200 180 99 59 36
218 176 123 161 169 166 167 168 135 132 128 141 151 178 153 147 141 119 116 213 196 146 180 112 95 104 104 99 106 94 98 96 111 106 109 116 113 116 109 109 112 113 114 116 121 119 123 141 161 210 197 134 97 152 202 196 206 196 191 200 200 195 191 187 184 177 177 174 172 171 171 166 164 164 155 155 154 148 149 142 143 157 94 64 31 101 165 110 119 123 119 112 116 116 113 112 166 209 127 167 155 155 157 85 70 81 88 93 93 135 156 157 173 187 192 178 116 89 48 46 91 97 48 50 69 42 49 48 46 72 59 55 51 63 65 57 173 213 99 69 63 61 67 56 75 210 198 88 75 62
214 155 185 209 213 211 214 215 217 210 207 201 201 204 202 193 194 186 167 177 216 197 191 129 91 84 76 75 78 72 86 77 76 83 67 89 69 92 85 93 105 97 108 97 109 109 104 102 110 175 123 54 21 148 221 199 214 191 118 123 135 139 155 158 158 211 216 202 210 196 190 190 191 194 197 204 199 202 195 198 196 179 116 76 53 70 75 37 35 58 44 30 29 31 50 72 113 109 43 108 201 210 201 51 20 28 29 31 27 158 191 197 158 38 155 187 131 99 61 59 106 114 75 77 106 54 57 56 58 100 89 88 83 96 88 73 185 209 159 165 141 126 143 154 133 204 200 88 72 57
140 149 156 158 167 170 174 177 184 190 197 204 210 207 206 203 203 205 201 186 210 214 194 163 159 158 151 148 140 142 138 132 119 116 113 98 101 92 99 86 85 72 79 69 68 69 68 72 67 122 50 15 0 142 235 168 65 165 134 118 114 110 128 134 129 201 172 198 208 181 78 87 88 91 97 129 208 200 206 210 199 186 132 86 60 53 57 60 63 78 41 12 0 0 13 47 74 76 71 60 75 203 203 59 35 38 40 39 35 184 213 172 43 0 44 90 80 119 74 86 108 143 116 106 126 66 69 72 70 118 112 120 111 118 104 86 191 208 165 180 169 150 166 182 155 208 205 106 96 79
56 60 58 60 55 56 66 69 79 88 90 98 104 106 116 118 128 138 137 152 150 161 162 162 142 121 154 169 119 132 140 137 149 154 172 175 171 171 173 168 175 164 160 159 152 144 139 139 134 146 73 28 3 132 139 61 21 72 54 27 24 31 71 85 83 116 38 148 223 207 64 75 70 69 60 89 221 206 131 61 69 215 144 99 75 67 77 102 107 109 67 20 4 1 28 84 113 107 103 93 10 175 215 51 31 36 37 36 33 189 206 74 0 31 92 78 88 133 90 104 105 155 139 128 144 61 58 57 57 132 135 130 122 134 117 103 196 208 168 180 174 152 164 184 153 208 202 117 123 97
110 111 105 104 98 91 90 82 76 77 71 72 68 60 59 52 48 50 43 58 54 55 89 181 134 69 82 149 60 58 59 52 64 48 114 154 98 119 172 91 94 106 101 115 144 181 159 168 175 184 79 30 9 52 38 69 49 45 80 23 0 1 58 65 55 60 67 45 154 219 83 76 80 74 67 127 231 139 14 0 55 185 97 125 90 77 92 130 134 140 95 24 2 2 43 109 138 138 139 115 16 178 206 49 26 34 38 40 40 196 224 99 41 141 211 144 126 140 98 118 106 163 150 141 152 65 83 87 81 146 144 141 132 148 108 78 190 205 127 136 140 129 138 146 135 209 199 113 113 84
179 175 172 168 167 166 168 168 163 158 158 157 153 152 148 143 138 127 122 119 111 107 110 185 108 39 18 87 41 30 36 41 57 57 113 79 51 93 163 58 64 61 62 56 77 152 77 91 86 189 103 25 19 2 13 95 73 78 117 35 0 3 87 99 90 76 93 60 157 218 50 2 0 0 0 101 233 142 20 17 56 137 92 135 95 78 97 129 157 156 115 59 38 39 75 133 159 152 158 134 46 183 205 50 35 35 31 27 33 192 218 146 56 46 106 148 162 145 109 123 107 168 165 170 171 81 108 104 104 161 153 150 139 162 124 101 193 204 105 112 102 86 92 102 102 213 200 90 96 78
157 131 158 126 60 72 82 89 123 176 154 182 183 137 141 149 152 157 154 165 178 177 176 154 59 27 20 14 39 16 10 16 34 17 31 30 16 89 177 113 148 164 154 147 123 170 83 27 7 72 82 43 19 13 9 104 107 103 138 46 3 4 108 117 98 100 118 77 168 219 83 5 0 2 0 119 233 165 42 28 67 122 130 146 103 84 89 137 174 170 135 50 18 23 64 146 173 161 166 153 70 192 209 97 91 90 86 81 90 196 221 153 63 61 137 184 166 143 106 131 111 182 187 194 189 94 119 115 110 180 184 174 166 183 142 129 196 202 145 152 152 132 139 155 132 210 194 124 142 131
26 108 193 128 9 13 4 3 35 185 150 118 178 119 116 120 117 106 109 158 188 139 160 166 53 44 32 21 65 35 30 38 64 46 30 31 36 74 181 109 149 168 162 150 136 190 90 49 45 15 44 75 32 16 8 117 119 119 162 93 80 70 132 130 114 114 133 105 178 212 109 49 29 19 7 137 234 159 56 49 88 146 132 145 103 79 92 153 184 182 154 58 23 22 64 163 183 178 178 184 53 181 203 56 23 26 26 26 34 181 206 61 13 23 159 186 179 144 108 137 102 190 197 195 195 113 145 144 136 195 191 184 175 183 141 133 198 201 146 154 156 139 149 161 137 210 197 141 152 143
40 50 145 133 32 37 14 14 55 198 110 8 82 52 64 66 73 77 83 120 65 87 180 180 68 55 55 43 91 45 49 56 87 71 51 50 62 97 179 109 151 163 156 147 142 191 119 92 90 50 72 116 42 20 10 127 139 134 168 124 116 112 150 147 129 122 149 149 192 211 129 116 113 116 111 160 223 170 119 111 135 157 160 151 101 84 106 169 200 197 171 60 24 22 77 182 193 190 202 195 74 187 209 62 30 34 34 33 31 181 198 61 8 27 184 201 185 144 107 138 108 202 201 195 204 124 156 148 152 201 191 190 184 190 147 137 199 199 145 156 154 140 150 159 139 208 200 154 156 145
55 86 145 138 20 28 15 17 60 199 85 0 10 15 49 23 33 37 53 30 16 5 98 134 40 97 73 58 113 41 41 40 97 82 69 69 80 110 179 107 145 165 163 145 138 190 131 118 111 70 97 116 46 26 13 139 156 148 182 146 130 130 165 158 146 137 168 186 202 215 158 145 134 132 132 177 226 173 150 146 170 165 178 155 101 87 113 177 213 210 185 58 25 23 91 204 218 209 207 200 77 189 206 52 29 33 33 33 34 152 200 71 17 33 195 210 185 144 108 131 149 224 207 200 204 114 128 134 137 202 208 192 193 190 139 140 200 196 145 161 159 150 159 164 143 211 199 148 150 138
58 99 152 139 14 18 16 17 60 192 103 9 3 32 76 46 64 62 86 11 2 3 48 78 64 118 87 68 127 53 74 82 119 95 82 76 84 97 177 62 88 100 110 116 131 191 117 114 96 70 105 131 52 29 15 148 172 163 201 160 147 145 187 169 153 146 176 199 201 214 176 169 166 174 169 195 226 187 178 171 192 170 190 162 101 85 110 174 220 219 195 52 20 16 98 219 224 213 209 202 76 188 210 54 27 31 31 30 28 123 201 67 12 22 196 219 183 148 114 134 177 228 215 201 200 198 188 181 178 211 214 191 187 192 155 131 213 201 138 151 149 142 152 154 144 217 193 127 135 123
51 121 148 137 26 35 41 25 64 198 106 27 14 48 100 69 88 89 113 22 3 3 72 77 85 123 95 89 132 65 98 105 138 102 90 90 107 134 174 61 84 98 95 79 110 196 113 102 101 79 117 158 52 27 15 166 177 169 213 171 158 152 190 181 171 157 185 205 206 216 161 169 165 170 168 195 225 184 173 175 197 176 192 162 108 85 115 184 227 220 199 155 136 123 153 211 220 218 212 204 94 192 206 38 13 16 19 18 17 134 202 57 2 17 197 220 180 144 107 134 142 145 157 159 166 171 169 172 171 186 191 183 187 191 204 190 214 210 199 203 199 191 184 178 180 222 206 159 166 164
57 141 159 134 27 40 51 33 76 199 103 27 14 53 115 88 103 103 128 30 5 8 89 101 105 150 123 108 145 82 112 120 149 113 102 100 124 147 176 110 156 174 165 142 156 191 137 155 159 117 130 158 53 25 14 168 182 182 221 176 167 159 198 184 176 172 196 208 212 220 157 174 169 172 168 192 223 183 173 178 198 182 197 161 104 97 158 180 190 187 191 201 205 211 198 203 219 218 206 203 189 211 200 127 125 114 112 100 83 102 190 115 92 107 215 218 183 149 106 126 117 141 160 184 180 179 181 183 170 141 135 165 171 150 140 131 137 146 149 151 150 151 161 159 162 163 168 170 165 166
60 161 174 132 19 33 45 32 75 200 108 37 27 63 130 101 117 115 141 33 15 17 108 116 129 185 140 124 170 90 127 139 167 129 120 111 127 148 168 108 159 176 172 160 163 187 140 162 161 123 137 162 54 30 12 170 191 179 198 197 201 207 217 184 176 175 193 217 222 216 170 178 167 171 171 187 213 177 171 176 196 191 197 156 106 91 151 151 173 192 199 190 192 189 187 189 187 189 184 178 181 186 194 201 203 206 217 222 214 112 187 222 212 215 213 202 179 142 106 120 162 195 196 204 200 197 194 192 190 158 154 191 185 142 112 93 115 119 120 138 135 121 127 119 111 123 117 119 119 119
64 170 178 129 23 35 45 32 75 199 109 45 39 76 148 119 132 128 154 36 20 21 122 130 159 195 138 127 177 87 115 138 183 136 128 123 131 155 175 103 165 176 175 162 164 189 137 169 165 130 144 167 55 19 10 180 193 174 155 154 148 137 140 164 181 169 167 196 222 231 230 235 228 230 231 235 230 216 226 233 231 200 209 154 99 88 164 181 192 207 214 209 213 221 210 210 212 202 186 161 143 173 178 177 178 176 177 173 167 101 153 165 161 165 170 157 177 139 104 136 232 234 223 222 222 222 223 224 224 218 218 222 212 207 189 172 189 188 176 171 165 153 150 144 139 150 144 132 128 128
67 170 176 128 25 35 41 26 80 203 107 44 39 81 159 135 147 143 169 43 19 21 130 141 185 182 142 125 149 84 70 89 186 133 126 130 127 143 177 104 172 175 179 171 170 189 149 178 159 128 145 169 57 93 146 181 187 186 189 186 186 182 179 178 185 169 143 147 171 195 195 196 199 203 205 206 201 199 204 198 196 179 172 139 95 106 207 208 214 208 206 206 205 212 208 207 209 206 203 180 180 193 182 182 184 184 176 175 170 109 177 180 180 184 186 189 180 128 99 140 183 179 172 186 191 193 195 194 201 215 211 182 184 190 196 217 234 232 236 238 238 238 236 234 232 229 217 228 224 223
75 179 175 125 24 43 49 35 87 204 104 47 49 81 166 147 159 163 184 54 30 31 148 154 157 136 145 144 150 150 141 152 161 127 132 131 117 142 180 85 112 102 102 106 145 200 110 107 100 107 152 168 54 175 206 200 200 199 199 197 195 193 191 190 187 183 178 169 169 164 166 169 171 165 167 167 172 177 186 173 181 156 172 142 106 155 214 205 222 215 210 203 207 215 217 221 223 227 222 218 220 216 210 212 214 212 209 206 202 109 195 207 209 208 212 204 179 133 108 126 118 119 121 124 123 124 123 132 136 137 132 130 152 155 145 162 183 184 188 193 197 199 200 201 208 207 213 208 205 200
75 193 201 151 85 87 82 70 102 206 123 71 71 96 165 153 156 166 185 68 31 30 153 160 162 162 170 170 172 168 170 159 146 163 167 158 161 145 133 126 125 121 118 110 143 166 104 98 102 103 114 153 56 199 237 240 232 229 229 233 228 225 219 216 214 217 215 209 193 195 194 196 200 183 188 178 184 196 208 198 203 184 202 146 99 122 149 155 156 160 162 167 175 178 189 197 200 196 189 199 206 203 207 216 220 223 225 228 220 116 213 233 227 232 229 219 177 129 111 105 101 107 116 153 141 132 133 136 90 92 65 23 27 48 59 68 87 90 89 95 101 108 117 124 130 135 120 121 119 113
92 135 157 184 192 189 189 190 192 202 187 190 190 191 197 185 164 165 175 155 144 137 180 164 166 169 171 173 170 168 180 165 158 171 181 175 179 154 158 170 153 143 141 147 141 125 126 127 126 124 113 155 48 155 202 202 213 226 228 221 233 234 232 231 226 225 229 237 239 241 241 234 235 236 231 233 229 232 232 232 235 231 224 141 105 66 93 108 105 112 119 124 121 112 118 121 127 130 141 140 144 147 157 162 160 164 170 175 165 109 156 171 167 162 156 142 125 131 108 108 123 170 196 107 50 36 60 153 175 145 103 37 3 14 34 64 109 112 108 99 94 88 81 77 70 79 95 105 109 104
82 105 97 122 119 110 113 126 131 142 160 163 163 157 163 168 176 170 175 188 180 184 187 143 152 157 163 171 170 169 170 169 171 176 186 176 173 174 183 183 174 172 172 176 180 165 159 162 156 161 140 154 37 63 130 141 139 143 149 153 160 165 173 179 178 184 187 186 199 211 215 215 216 222 226 233 224 225 224 218 210 207 190 131 104 61 145 136 78 73 81 73 69 76 110 130 93 98 95 92 101 122 109 103 104 105 105 106 105 102 120 124 122 113 112 88 136 127 107 104 135 207 114 5 5 0 0 23 162 182 150 68 27 60 75 101 159 132 122 142 138 138 142 144 150 155 172 181 177 173
84 154 129 124 120 120 112 110 106 131 160 169 175 172 153 177 191 187 189 184 181 172 117 106 118 115 114 122 125 127 123 129 130 128 136 145 147 151 166 171 181 185 187 185 188 182 182 181 177 179 167 153 35 18 111 100 109 137 145 130 104 113 114 117 128 123 122 117 129 124 132 135 149 152 155 160 157 147 135 136 133 122 128 131 105 57 162 175 160 149 151 136 124 114 140 180 116 105 110 110 129 177 169 168 167 161 157 156 142 106 173 180 183 183 187 148 160 126 109 108 151 192 83 11 4 0 4 2 46 194 180 90 47 78 69 85 156 120 27 31 41 45 41 43 84 152 165 120 108 104
87 187 220 219 215 218 206 199 195 196 202 188 194 201 182 196 199 199 200 199 196 185 115 93 112 82 86 88 95 95 104 101 101 108 113 115 124 122 115 114 107 111 118 123 137 139 136 128 126 114 103 90 33 17 124 156 176 173 172 178 141 124 146 144 170 155 170 144 162 85 66 66 57 59 61 72 120 116 117 119 121 95 145 143 101 85 129 104 70 62 63 80 98 108 153 180 144 151 164 161 155 147 154 131 138 141 149 159 154 106 181 191 177 168 195 203 170 119 107 121 178 170 111 25 21 20 24 19 20 157 178 96 62 100 85 116 197 156 20 17 42 44 24 11 77 177 169 134 144 128
79 125 153 159 177 184 187 190 195 196 199 204 211 214 217 220 230 226 222 220 220 222 185 109 134 32 28 28 32 35 33 83 80 25 37 37 40 55 92 102 104 103 100 98 96 104 99 103 100 92 81 110 36 16 133 194 146 85 79 73 157 183 142 186 147 97 156 185 192 169 148 157 148 144 145 151 183 182 172 174 171 163 186 136 107 83 160 128 63 11 0 0 0 0 80 106 11 43 72 45 58 179 161 31 38 43 49 52 76 106 173 111 66 67 202 213 171 124 110 129 194 160 107 36 30 26 31 22 9 124 186 104 80 116 74 103 211 170 92 89 81 78 77 59 116 215 178 171 166 141
81 76 77 75 93 88 105 117 117 121 123 133 133 125 132 138 153 161 169 175 184 200 183 94 127 75 65 60 60 52 49 108 114 35 36 32 37 81 138 128 122 118 111 107 102 90 78 88 90 88 63 135 36 21 140 169 115 82 82 26 64 181 165 155 74 42 66 149 220 163 48 69 72 84 77 130 203 146 98 92 140 184 197 133 108 90 178 151 87 26 1 2 3 0 95 140 31 72 97 52 57 206 177 101 111 91 85 94 98 110 194 99 63 47 199 214 173 124 110 138 157 138 103 47 41 33 39 26 9 125 167 81 87 132 62 61 207 181 169 178 171 173 165 155 161 214 165 65 77 77
14 24 45 49 54 51 31 25 55 76 87 94 85 85 98 119 83 81 85 87 90 97 97 77 146 89 99 87 86 90 86 127 121 87 83 83 74 131 134 71 83 87 95 98 141 158 129 114 106 129 130 145 34 23 148 156 136 101 93 88 82 140 166 122 95 69 92 95 226 177 89 91 88 89 65 126 225 165 130 126 165 190 196 129 100 87 175 153 98 28 2 1 2 0 93 150 50 95 116 73 77 209 188 142 153 135 131 145 136 107 202 125 114 100 211 212 175 126 108 141 153 163 144 59 50 39 46 29 22 121 153 108 102 147 85 76 215 182 178 182 182 181 183 173 163 197 145 82 86 90
17 22 49 51 15 15 10 31 47 61 101 136 137 124 127 141 123 112 97 91 90 93 98 57 175 46 56 6 2 8 12 136 133 55 61 55 67 125 133 92 104 95 85 71 121 173 84 76 70 88 143 145 33 26 155 165 137 113 108 100 88 119 164 122 113 83 116 94 216 190 117 118 130 122 106 172 225 184 177 176 193 185 197 128 103 92 177 162 118 35 3 2 2 0 97 149 67 112 135 90 90 211 195 159 160 133 121 116 104 96 123 88 90 83 147 198 182 127 109 141 183 190 155 60 55 47 51 32 19 130 179 147 120 163 89 87 214 183 180 189 189 187 175 118 95 90 74 67 68 67
46 20 24 26 31 11 12 21 40 51 68 101 99 152 146 117 140 189 189 177 173 183 153 83 192 67 78 21 9 1 0 108 140 40 38 7 16 109 155 151 194 188 190 185 163 182 103 93 99 106 149 149 27 55 187 159 145 122 123 56 68 143 173 126 115 104 133 110 219 200 151 163 168 172 143 165 193 173 174 185 211 186 197 129 104 90 178 167 126 36 5 2 0 0 100 147 80 129 152 103 104 188 132 93 83 78 71 62 76 96 69 74 65 70 60 86 144 131 114 143 186 191 164 68 57 56 55 34 29 149 204 169 147 163 69 92 212 173 126 139 144 153 106 63 71 66 65 66 68 67
15 25 42 35 31 32 22 25 29 37 46 22 0 51 100 91 100 156 123 175 165 140 154 96 185 69 94 33 12 2 5 117 158 61 70 38 38 115 153 32 48 56 72 78 143 196 42 0 0 69 153 150 28 40 184 164 167 136 134 49 59 154 182 133 140 113 157 118 214 212 183 176 139 122 95 94 87 77 68 103 146 147 207 133 106 89 182 173 138 37 5 0 2 0 102 150 96 145 166 131 98 86 61 64 63 68 58 54 75 95 69 68 64 47 49 36 64 122 109 143 192 200 180 77 61 65 72 40 34 159 211 180 159 178 79 88 216 146 87 84 88 66 43 44 41 50 45 47 36 33
19 30 34 35 26 29 34 14 11 43 27 30 10 4 31 34 23 18 0 12 130 169 163 73 194 84 113 42 25 6 10 136 161 67 84 48 56 128 140 27 22 18 9 0 108 201 44 0 0 76 147 142 35 41 198 181 179 142 139 63 75 163 191 143 162 124 174 155 213 163 106 82 67 64 72 79 79 66 66 67 60 82 144 133 108 92 180 183 158 43 11 0 4 0 104 152 113 149 171 159 59 42 43 45 39 41 46 37 65 93 42 38 36 39 31 45 32 81 115 145 192 206 193 85 64 50 67 44 31 160 210 184 160 178 84 93 216 152 131 138 97 48 38 25 28 26 13 11 19 18
31 55 44 36 43 32 15 22 20 18 13 10 4 6 41 8 7 33 6 6 20 160 160 72 209 98 127 45 21 6 25 132 134 70 85 68 86 83 86 80 71 72 74 68 112 183 37 0 0 79 155 145 32 43 207 186 194 147 150 119 126 165 202 155 183 144 192 164 117 70 54 57 53 55 68 60 53 54 58 61 60 70 66 98 110 97 176 191 176 50 18 1 4 0 105 154 137 178 188 169 56 46 36 36 23 28 31 36 57 89 30 31 23 32 28 34 32 43 105 141 190 206 199 86 59 54 69 42 32 164 211 189 164 176 84 96 211 158 129 126 66 32 35 35 14 10 14 12 14 13
24 34 19 16 25 12 10 27 20 39 102 95 86 93 98 79 81 90 85 86 32 107 176 75 207 102 138 51 49 54 68 71 77 66 73 67 62 71 75 70 77 71 72 70 86 96 65 38 27 92 155 146 31 46 205 188 213 155 156 156 154 171 210 186 206 169 168 85 60 57 66 64 58 50 46 53 51 51 64 62 54 50 68 76 101 104 184 191 181 56 17 4 9 1 112 156 156 191 202 135 38 48 41 38 34 26 34 29 51 83 30 23 35 30 27 29 39 38 93 144 189 210 197 76 55 65 77 43 38 166 214 182 164 174 84 107 213 159 136 107 22 25 19 27 19 12 16 14 14 12
30 21 30 27 25 13 12 21 10 24 68 86 84 93 102 106 100 92 101 106 58 81 174 78 202 107 160 70 77 69 64 58 69 69 83 66 58 60 56 64 67 72 67 65 64 56 77 82 72 97 154 147 29 54 205 189 219 158 160 167 161 179 210 191 204 174 94 48 60 58 52 47 43 45 45 49 48 49 47 46 46 58 59 52 78 109 188 195 179 55 18 8 28 5 116 156 155 188 201 95 26 38 40 33 35 38 31 28 48 90 24 27 21 21 32 31 23 19 57 148 205 217 192 48 22 35 57 57 45 169 212 188 165 177 75 105 213 156 134 87 27 21 20 18 22 16 14 18 17 17
37 21 6 5 9 3 15 30 8 11 24 22 25 23 23 27 26 21 21 16 19 76 162 94 204 115 146 75 67 58 63 66 59 54 57 53 50 47 42 52 53 51 43 48 44 37 43 83 148 117 156 141 28 46 210 190 220 162 157 170 168 184 212 190 214 148 56 44 49 56 41 37 46 39 47 46 45 42 47 37 38 45 44 37 52 112 190 190 183 52 24 12 18 2 115 154 158 202 185 59 42 30 34 33 20 27 22 26 60 88 19 27 18 12 22 21 21 27 31 149 201 163 118 16 8 34 62 51 58 198 213 172 162 190 122 120 216 157 127 73 7 23 15 4 11 15 7 11 16 17
15 6 24 19 4 0 15 31 8 13 11 17 25 27 29 27 22 24 22 22 41 81 153 89 208 113 88 61 50 50 54 45 42 49 49 43 42 31 23 37 33 32 41 36 46 47 32 65 148 114 154 144 28 56 218 201 214 170 161 172 170 190 216 202 214 119 55 44 42 45 42 42 45 31 28 36 36 34 46 29 28 30 41 24 35 115 189 150 144 57 22 7 7 11 153 186 160 191 146 48 37 30 29 30 22 19 23 17 63 87 19 10 18 11 10 20 15 29 24 115 133 98 141 46 56 34 49 44 68 168 150 92 153 113 145 182 214 202 191 75 10 12 17 13 14 18 13 10 13 14
12 22 37 34 27 5 3 5 19 17 12 8 0 6 9 4 9 7 7 41 54 95 165 96 210 101 52 57 42 36 37 30 29 36 29 29 32 27 18 23 31 34 34 39 43 41 40 55 133 116 151 141 27 99 216 196 180 156 155 168 165 192 217 210 197 108 36 33 41 33 37 37 32 35 32 34 26 33 29 18 30 24 31 28 28 89 161 134 175 57 24 6 4 16 159 163 135 191 118 28 29 24 13 15 17 15 18 12 53 90 17 5 15 23 10 20 30 20 32 91 143 110 154 41 53 15 33 30 34 118 104 131 139 71 69 85 132 142 156 53 12 9 5 8 11 12 16 7 12 11
